1000
20 301 871 341 157 598 889 755 953 593 956 745 676 991 359 346 985 605 894 831 794 
17 810 142 402 401 2 706 212 536 942 613 696 178 561 460 771 466 591 
8 619 48 46 555 750 202 191 235 
16 686 137 28 854 819 410 485 273 936 307 476 83 908 751 533 249 
23 655 141 970 484 389 782 980 805 331 35 137 412 592 731 229 427 166 410 775 840 475 51 377 
11 89 930 446 501 108 901 256 629 648 683 467 
2 5 925 
24 592 88 929 594 421 639 701 391 919 296 680 268 645 494 756 742 879 505 456 690 128 778 786 337 
6 969 848 62 801 97 205 
19 809 224 933 681 888 141 925 503 987 544 647 421 817 356 55 519 384 9 577 
2 972 655 
2 213 451 
23 823 774 240 983 861 521 705 45 878 29 951 520 357 94 827 191 502 830 767 296 773 552 88 
19 457 543 766 472 749 349 829 561 643 281 563 17 573 552 326 28 361 99 193 
8 376 553 883 361 948 51 309 731 
28 285 446 896 797 357 653 833 982 812 745 153 488 969 312 398 21 147 56 803 1 290 284 165 571 17 978 237 728 
28 793 753 563 470 77 321 291 204 335 147 731 509 211 970 795 59 407 99 724 387 983 807 361 109 189 73 936 365 
6 912 306 87 358 381 900 
22 575 685 726 960 300 569 246 716 838 130 194 753 931 875 969 97 934 49 736 358 451 656 
3 171 776 643 
10 188 574 586 323 251 159 827 863 833 104 
12 22 992 722 25 179 344 81 381 703 658 27 622 
8 21 732 230 678 736 153 487 362 
11 727 981 964 42 31 771 553 748 464 606 50 
16 251 962 468 877 727 861 244 463 349 295 393 872 242 27 428 171 
19 625 703 731 895 925 817 86 913 585 457 543 609 738 586 796 356 588 282 19 
26 880 505 137 683 755 335 764 244 590 961 836 319 12 492 263 178 584 148 596 747 939 327 329 668 593 602 
12 461 206 885 107 470 581 263 954 588 511 477 381 
10 332 217 302 766 965 911 895 44 740 585 
10 349 252 4 146 55 319 775 8 882 82 
16 153 681 15 273 330 412 182 922 526 609 288 386 828 770 83 157 
29 739 123 592 692 571 676 387 125 591 40 852 877 597 393 724 798 856 247 139 769 255 811 66 930 309 779 373 800 476 
10 831 77 743 99 580 654 567 64 961 56 
20 525 498 514 530 66 698 543 679 613 509 416 432 686 974 859 864 116 177 223 459 
1 8 
29 423 335 150 276 46 763 68 245 921 823 64 558 120 136 967 673 950 341 583 274 119 187 891 468 754 620 552 987 525 
10 773 18 964 112 215 371 599 904 618 36 
14 828 281 669 843 57 347 630 196 23 114 382 660 862 833 
8 350 713 201 748 717 24 984 867 
2 883 423 
17 114 562 54 838 675 267 350 330 860 491 650 507 534 733 483 810 859 
6 87 217 346 866 749 213 
2 475 512 
2 237 756 
13 917 378 254 211 835 243 943 423 80 461 840 456 365 
28 797 163 360 942 753 544 26 643 440 565 525 738 705 878 562 598 720 609 185 200 567 439 81 718 520 954 204 363 
14 6 893 714 261 508 463 484 35 545 627 57 774 846 701 
13 872 769 460 902 483 368 492 91 757 405 122 196 711 
29 795 602 730 939 753 882 639 554 699 398 234 391 224 199 802 101 672 120 824 209 511 990 769 262 175 196 441 969 179 
24 16 111 559 230 808 841 20 102 192 2 751 57 438 638 809 921 37 562 158 852 820 752 308 974 
15 606 927 991 60 314 145 217 974 772 343 697 658 843 214 879 
7 20 371 106 272 911 854 130 
23 946 189 331 683 463 156 445 640 644 212 850 793 102 164 214 197 191 723 306 412 286 702 141 
26 38 391 674 355 246 665 379 821 901 244 514 744 184 14 712 250 642 671 220 672 439 566 969 807 700 648 
23 206 550 9 98 477 609 401 386 853 510 882 549 753 737 635 534 53 493 370 138 567 489 541 
4 671 681 47 12 
21 810 176 772 868 47 219 373 12 289 461 174 68 120 398 643 508 18 633 689 416 433 
8 646 480 392 302 123 794 250 972 
19 982 552 323 340 179 71 56 860 508 145 447 544 705 444 198 885 82 549 105 
17 632 307 939 978 145 169 941 119 919 916 847 689 95 306 568 105 89 
26 901 32 505 73 509 400 979 797 671 895 152 476 18 94 850 186 885 520 329 487 822 345 840 782 430 932 
19 899 613 155 803 955 289 985 123 784 539 998 6 377 966 370 684 237 780 941 
15 688 951 858 21 638 193 956 125 748 841 825 788 942 387 275 
2 963 818 
20 151 84 676 515 844 324 89 178 190 850 819 558 614 81 260 578 574 200 342 290 
23 387 293 122 621 910 287 55 135 879 234 793 222 944 348 915 661 512 11 493 669 57 701 668 
15 239 333 919 467 911 231 145 279 529 493 190 965 868 906 267 
1 763 
13 722 531 54 248 592 275 706 35 322 459 222 852 500 
27 486 133 464 273 79 471 597 46 852 659 953 343 457 908 166 463 837 771 803 210 964 909 961 943 874 581 22 
24 850 391 352 705 149 957 8 86 25 274 567 14 878 398 757 824 668 954 786 650 425 557 695 660 
6 956 377 799 926 988 435 
9 962 260 166 922 32 718 240 135 297 
8 879 551 739 959 456 187 249 826 
15 80 359 957 294 384 76 94 4 14 955 697 400 131 208 848 
15 21 388 670 117 295 821 982 682 860 742 601 453 957 678 339 
28 754 455 111 853 413 341 401 732 490 712 649 162 218 664 432 266 415 141 10 555 106 888 67 829 696 634 199 40 
14 999 754 284 69 525 534 927 255 948 770 502 215 817 791 
2 23 6 
2 235 334 
17 421 260 607 529 523 599 196 462 790 673 520 57 0 531 743 782 200 
19 78 733 894 569 601 520 49 719 864 439 615 118 309 868 873 32 228 419 137 
15 47 57 320 899 613 814 941 570 263 100 779 705 887 951 197 
3 910 565 503 
2 94 954 
17 289 297 331 109 701 634 600 448 829 437 717 427 107 33 662 217 316 
24 794 893 734 992 152 128 635 720 899 686 421 575 733 651 553 940 955 186 473 291 797 344 402 204 
1 31 
16 513 35 510 478 243 340 791 32 33 352 487 854 413 50 878 753 
25 33 822 589 899 22 45 519 574 945 5 593 246 8 975 451 663 575 946 696 758 619 134 407 744 132 
18 910 308 355 976 902 65 284 321 873 149 772 287 256 220 450 127 769 329 
16 342 236 472 664 169 136 700 491 563 392 543 532 125 775 188 84 
26 61 256 72 453 146 468 609 450 771 281 310 566 346 204 521 718 308 604 263 138 608 780 681 753 232 777 
15 715 112 849 749 971 643 462 254 822 948 486 589 684 458 570 
2 325 981 
2 218 173 
4 193 611 766 677 
18 622 434 247 955 549 642 297 767 472 981 775 322 41 430 194 936 915 417 
12 413 978 226 649 820 275 309 431 953 243 675 408 
23 955 381 818 134 616 897 587 392 969 374 295 805 425 53 270 116 653 558 196 248 304 148 315 
2 849 870 
16 550 446 419 249 508 810 361 557 646 449 442 301 717 669 108 95 
28 72 722 54 944 234 598 19 998 89 156 399 649 111 611 733 173 738 375 658 627 479 134 987 555 960 208 148 428 
2 485 982 
7 720 92 970 814 25 115 656 
22 513 923 541 495 374 710 983 173 102 731 761 940 602 295 129 527 587 906 409 343 184 745 
7 302 645 306 21 808 211 971 
6 196 411 147 728 205 890 
16 610 275 95 123 931 782 669 449 227 184 304 657 891 679 805 61 
14 550 861 662 558 175 722 200 741 89 954 869 956 136 211 
8 867 825 934 968 30 798 453 36 
4 536 717 509 51 
22 423 206 695 458 689 325 910 350 186 472 122 452 426 674 995 675 183 162 483 663 292 969 
11 317 956 374 929 435 396 319 794 305 103 734 
6 22 451 710 696 537 712 
20 780 925 809 926 299 23 211 243 57 199 234 862 522 137 379 705 547 527 364 746 
28 397 888 933 141 184 966 75 767 219 617 140 648 88 923 757 650 368 570 813 642 863 780 10 429 143 55 747 498 
1 609 
3 703 414 983 
14 475 792 387 711 186 497 344 761 778 708 649 227 513 161 
20 305 362 343 601 204 578 299 78 128 759 879 968 353 332 438 608 309 707 628 600 
18 16 891 720 981 397 960 969 171 799 939 556 300 444 693 672 129 272 732 
3 345 283 234 
2 377 376 
28 124 302 604 526 350 931 617 716 439 998 103 267 574 20 830 389 353 861 106 812 978 266 779 334 570 483 7 822 
27 536 231 643 667 321 979 370 993 183 18 751 811 217 403 377 718 892 537 155 799 689 422 974 356 27 735 580 
8 407 753 698 868 528 956 64 626 
6 158 93 911 713 230 106 
21 878 269 311 125 8 289 60 662 384 225 862 353 794 462 550 448 249 474 995 955 414 
18 703 695 440 240 895 564 973 766 772 697 14 197 647 997 32 957 31 613 
26 481 141 749 159 783 429 904 984 932 114 130 864 236 309 10 116 467 964 976 829 643 941 117 810 439 32 
11 574 303 565 966 487 47 593 914 375 586 673 
12 938 651 855 959 249 247 526 741 844 852 429 760 
6 936 243 109 564 463 77 
18 237 68 66 689 123 980 803 502 960 759 506 890 880 467 788 568 672 367 
5 9 892 183 618 897 
26 63 403 303 21 331 516 395 488 221 515 658 317 464 628 172 907 113 141 671 632 190 902 20 232 31 74 
21 19 232 935 237 209 320 166 406 924 348 687 369 282 389 877 87 422 656 89 247 626 
24 982 209 363 734 16 494 729 688 857 764 818 456 842 336 762 348 26 484 592 940 318 896 760 104 
3 572 647 680 
3 738 650 428 
14 840 435 694 344 276 4 1 831 382 229 119 83 518 605 
22 484 99 413 618 303 839 377 980 936 701 126 697 964 981 538 419 641 909 576 942 146 522 
11 768 626 564 463 907 868 215 575 375 717 29 
7 144 471 297 395 767 482 695 
1 617 
10 62 225 527 841 886 506 940 730 230 993 
19 452 331 750 658 884 354 939 893 460 549 605 376 521 571 86 256 87 235 120 
14 288 405 68 798 691 19 329 937 497 604 600 595 827 949 
2 528 961 
1 384 
8 405 486 208 237 373 966 743 804 
10 651 649 66 88 10 408 100 878 947 919 
17 753 806 10 86 650 976 554 795 374 771 597 583 477 93 208 377 949 
10 208 344 43 703 586 87 537 919 955 321 
12 125 703 29 404 359 823 887 79 408 977 305 712 
29 530 679 395 115 339 943 36 575 145 290 449 842 958 810 267 927 134 288 214 235 204 803 320 159 650 398 502 100 47 
4 881 173 763 810 
15 946 873 358 311 349 678 921 143 694 787 991 486 92 807 559 
26 774 825 165 665 900 436 358 447 482 493 488 879 416 699 557 625 95 440 982 70 863 501 985 127 647 203 
18 709 206 285 619 710 27 197 77 339 529 239 404 692 468 312 249 227 629 
6 118 772 274 865 505 308 
1 398 
16 625 418 60 170 114 213 432 542 116 549 204 67 788 334 59 121 
6 254 935 619 952 720 523 
28 656 852 285 152 581 274 416 32 356 690 511 336 673 129 22 703 467 582 787 564 478 665 688 814 999 584 622 345 
13 275 135 688 175 703 816 349 438 917 501 100 327 350 
2 386 375 
5 931 914 572 326 272 
2 162 165 
4 16 285 984 965 
2 672 974 
13 791 750 826 979 263 299 956 351 136 364 884 331 831 
28 458 784 750 275 409 990 360 517 85 90 719 672 432 791 637 452 848 485 584 415 993 32 809 248 678 812 605 49 
9 270 913 115 829 41 604 194 191 68 
24 358 353 740 53 814 846 312 138 526 521 694 734 615 134 904 749 959 650 3 833 274 507 260 248 
28 17 950 170 369 220 388 80 36 263 239 856 424 682 981 717 622 318 895 739 332 10 822 393 326 426 593 599 44 
11 197 95 608 337 209 168 178 728 180 781 242 
3 78 644 769 
23 160 434 164 313 456 571 581 719 661 376 176 953 964 865 416 501 181 458 100 280 189 331 185 
10 176 438 764 550 410 605 124 857 107 12 
28 445 149 546 207 243 955 413 576 2 376 867 760 827 920 781 930 450 607 326 681 640 812 753 623 750 298 584 278 
2 99 113 
4 359 889 939 860 
6 147 446 691 593 416 400 
13 859 315 468 705 756 307 198 472 700 653 817 222 998 
16 649 748 75 829 980 268 337 185 466 321 187 553 6 476 547 761 
8 455 867 841 932 770 896 612 335 
10 98 686 586 609 499 992 251 588 529 615 
29 433 356 690 800 665 849 823 571 271 822 255 829 149 188 860 647 219 711 663 658 456 330 790 144 2 919 712 156 291 
11 962 724 653 739 859 623 123 329 429 317 686 
3 29 245 978 
2 292 519 
11 119 408 943 287 655 959 506 924 869 933 121 
18 897 263 336 248 855 864 392 453 773 448 761 327 329 258 250 596 698 882 
14 553 600 51 471 952 411 834 349 40 87 515 608 681 422 
21 740 735 63 84 64 576 451 244 313 715 863 865 99 644 297 260 686 970 744 625 206 
5 197 179 539 590 96 
18 882 373 782 240 963 191 873 180 962 900 416 453 474 78 283 747 124 674 
1 769 
24 432 659 607 339 914 164 486 497 645 919 102 377 920 996 348 688 412 677 704 196 530 730 259 404 
26 877 893 957 21 269 503 409 220 481 944 738 424 855 470 786 11 384 954 678 822 578 186 492 547 777 168 
26 382 315 215 298 794 686 317 727 639 105 100 38 601 956 355 346 285 852 58 902 108 119 651 586 618 168 
9 90 328 360 695 723 421 458 116 977 
1 520 
2 966 455 
18 217 656 756 352 673 183 641 584 398 95 792 542 745 36 467 432 296 392 
9 999 875 730 725 175 329 150 877 41 
21 556 990 584 995 333 219 488 210 682 413 678 944 256 800 118 576 159 924 499 415 503 
2 631 741 
1 175 
6 692 60 209 656 107 620 
5 55 915 176 205 147 
24 461 595 603 106 285 221 787 423 723 871 161 936 94 934 342 631 820 884 607 55 504 685 523 649 
3 61 527 923 
16 483 597 710 67 886 708 650 914 603 528 680 11 168 690 931 942 
12 370 356 83 796 224 873 86 474 571 530 459 828 
24 207 953 135 852 809 35 422 166 980 289 603 83 133 805 978 301 262 345 128 213 507 790 321 709 
14 515 899 433 253 278 399 292 780 677 568 146 838 30 284 
1 850 
7 671 761 647 164 749 440 468 
23 930 16 409 895 947 884 535 91 505 95 686 32 49 967 115 767 428 50 312 854 217 443 237 
1 157 
20 913 853 925 738 413 842 477 553 834 396 650 179 556 178 10 258 692 796 395 922 
25 252 93 423 391 809 875 835 138 643 694 448 793 333 965 211 449 347 236 505 757 205 728 700 63 948 
15 894 550 258 28 319 604 246 429 689 58 388 876 399 338 515 
26 438 744 223 28 228 423 137 921 677 932 923 171 909 217 524 715 271 96 925 831 956 289 623 108 72 778 
26 750 99 36 70 891 475 716 695 384 26 903 600 769 819 43 267 794 429 46 647 754 128 2 799 319 15 
18 609 285 564 767 827 384 952 993 363 13 876 834 459 742 841 133 440 247 
2 965 216 
7 77 262 297 776 390 689 44 
21 101 35 775 55 9 865 138 70 99 65 490 482 516 864 345 321 652 964 183 203 349 
11 791 438 968 488 422 163 912 205 512 858 170 
13 680 4 536 337 330 75 772 150 696 917 391 341 987 
15 643 752 305 724 195 404 422 421 213 687 833 176 813 29 622 
22 791 422 167 476 905 97 100 869 764 86 800 983 619 887 221 330 763 606 194 402 676 198 
4 812 6 320 857 
21 548 150 295 377 114 925 204 211 968 855 619 44 806 744 130 648 971 475 671 604 575 
4 840 897 473 959 
20 342 89 304 391 479 756 681 817 525 438 557 468 380 689 556 660 553 180 267 725 
18 569 67 526 8 4 553 365 779 967 618 693 146 608 624 950 773 772 229 
6 780 658 777 296 694 517 
18 508 135 526 375 549 812 372 308 910 623 64 724 511 806 525 705 96 768 
5 339 148 521 999 216 
2 325 944 
21 162 793 265 404 770 941 62 625 211 829 733 420 925 482 738 955 311 622 303 500 405 
20 974 464 779 941 103 660 963 918 261 223 252 452 416 290 48 143 431 547 745 409 
11 979 342 778 340 352 586 257 44 540 10 945 
10 531 530 208 942 871 110 276 644 770 457 
24 519 485 712 326 71 250 475 582 771 231 234 431 488 43 608 98 875 775 500 674 42 263 374 95 
25 357 524 671 385 713 603 113 266 169 689 728 217 177 431 104 325 712 229 688 212 375 221 3 338 846 
11 245 449 452 360 863 676 378 915 71 133 813 
19 688 167 783 914 169 445 481 632 732 969 895 752 991 593 656 751 301 716 456 
6 387 155 896 197 306 64 
16 919 549 48 169 160 623 363 967 782 860 765 513 463 669 233 88 
12 907 938 741 554 779 125 276 41 283 298 896 788 
25 66 181 7 246 687 873 464 844 224 304 498 790 437 294 450 345 776 755 650 836 566 680 672 689 234 
2 316 173 
13 800 439 684 562 117 923 159 991 307 12 110 15 691 
22 817 534 326 959 796 551 235 54 814 801 854 533 813 427 897 559 752 2 145 593 902 151 
4 132 95 937 908 
22 253 929 921 17 910 512 53 746 341 390 950 975 770 627 873 688 24 334 779 550 933 143 
13 963 392 572 160 62 300 394 415 286 688 959 9 826 
20 978 318 66 832 817 893 743 78 545 676 785 634 129 769 988 247 372 14 808 643 
15 771 780 426 801 750 183 673 180 901 882 982 720 932 829 767 
26 44 182 307 990 502 282 33 919 283 611 184 721 351 363 468 811 526 45 931 989 110 944 324 190 852 130 
21 980 884 921 332 309 376 781 460 986 524 937 294 596 844 960 207 286 43 972 465 522 
15 1 863 911 848 792 378 576 315 192 555 184 866 432 342 482 
20 655 692 909 31 115 211 732 704 709 331 905 73 564 349 408 122 462 659 40 926 
15 146 68 281 366 565 836 135 100 35 696 304 490 514 437 550 
22 145 497 663 635 820 886 745 456 183 228 366 314 27 190 172 790 63 426 972 169 855 92 
20 232 753 380 459 269 242 403 417 27 852 541 633 330 114 113 276 86 650 708 946 
24 925 186 479 370 350 910 584 62 836 434 457 842 798 31 333 882 474 320 585 483 850 154 269 676 
19 928 308 901 444 887 966 145 153 49 823 593 381 698 64 897 234 682 134 589 
24 202 646 903 449 74 374 584 619 962 359 137 794 147 598 484 553 992 370 36 421 223 30 433 238 
28 26 767 291 719 858 691 933 460 381 313 120 751 856 459 369 420 875 226 823 216 564 583 474 227 850 610 35 763 
11 471 555 938 258 800 362 759 45 434 728 392 
13 600 168 608 727 62 673 550 223 171 432 340 422 873 
20 210 579 297 989 215 338 509 843 542 595 430 639 403 248 203 183 459 181 755 768 
12 347 38 531 851 991 502 233 997 770 855 690 954 
13 592 219 674 637 350 102 621 749 276 235 203 431 776 
11 813 134 324 343 227 316 464 853 851 41 641 
14 707 812 896 455 755 118 713 92 226 430 302 319 195 558 
14 147 691 125 586 417 674 542 970 873 876 686 476 902 547 
9 444 824 139 207 80 941 41 636 296 
29 713 921 275 585 923 27 119 568 80 463 164 9 911 523 982 851 148 774 962 472 914 292 370 266 384 90 127 721 928 
13 176 364 436 71 793 672 30 996 256 46 792 900 319 
8 582 800 87 659 858 615 324 155 
21 685 924 331 516 522 69 271 181 100 702 664 7 171 88 341 364 958 113 101 564 896 
25 614 492 856 399 251 919 133 848 904 103 668 691 808 170 619 723 475 961 764 35 152 755 159 498 218 
16 332 834 154 512 679 282 904 443 528 467 687 95 437 55 717 898 
7 645 763 91 830 305 807 412 
10 601 956 677 239 875 123 772 387 106 880 
14 456 543 187 10 113 955 945 819 154 35 14 349 504 140 
17 424 946 622 493 95 715 397 824 92 21 698 345 261 812 777 491 364 
13 860 792 948 319 108 300 831 39 583 904 846 373 333 
26 915 220 848 929 28 804 72 221 734 693 483 660 209 404 727 80 927 45 669 573 696 690 270 368 305 254 
16 767 787 894 1 214 993 868 579 185 841 751 620 509 903 315 901 
24 511 48 643 294 646 246 794 102 16 657 577 458 219 116 264 981 51 237 21 493 256 318 987 277 
27 676 630 972 389 973 281 149 317 601 843 931 782 150 37 434 362 393 975 991 117 153 121 543 894 598 796 865 
26 687 579 837 303 469 519 596 259 352 29 804 232 273 797 59 6 565 339 573 68 626 109 360 391 608 567 
13 267 441 922 829 489 736 211 918 542 376 975 748 372 
5 612 825 380 266 642 
6 661 642 766 262 36 779 
1 359 
24 24 622 225 442 716 449 970 116 524 949 650 287 282 370 965 78 213 1 352 977 640 522 923 934 
18 620 455 142 114 294 699 554 33 985 460 573 258 553 865 482 539 489 7 
5 14 877 738 802 827 
12 172 782 560 429 853 355 48 572 899 459 164 322 
11 94 951 900 616 149 487 948 564 363 447 485 
10 249 335 44 820 525 145 563 682 646 778 
1 487 
25 945 800 936 221 972 982 969 319 76 423 249 252 744 69 971 878 352 182 46 897 85 306 872 323 932 
3 46 61 623 
12 6 904 604 282 367 499 587 409 33 719 426 156 
3 175 406 291 
24 236 82 92 543 416 562 502 838 570 913 553 989 488 371 453 133 966 540 195 62 938 571 990 308 
14 644 453 121 682 914 684 503 594 302 586 488 9 777 622 
26 241 627 563 782 487 877 106 612 513 826 678 473 646 779 850 624 688 380 343 759 677 124 354 762 236 945 
26 112 399 443 172 319 550 118 718 468 713 95 2 126 947 199 885 238 865 278 739 729 228 318 827 45 51 
28 468 301 606 26 815 619 837 869 631 241 542 617 427 789 414 884 404 6 799 70 521 55 351 819 544 79 465 282 
3 97 541 853 
16 55 962 517 419 927 484 665 574 631 561 587 736 130 165 167 555 
8 253 553 959 793 664 522 219 689 
16 454 6 557 178 735 588 235 155 533 132 614 568 904 494 115 296 
25 577 81 411 371 426 938 659 267 82 712 919 952 884 145 912 996 675 728 74 140 21 815 4 741 5 
10 730 914 939 676 564 377 404 497 646 937 
10 472 214 267 367 276 875 605 754 460 145 
20 813 176 719 659 111 928 337 159 693 510 479 456 73 540 401 662 455 168 229 815 
14 447 869 125 953 635 184 466 548 418 187 956 345 199 897 
10 316 853 714 970 374 799 265 903 324 555 
7 351 100 348 935 842 841 546 
27 814 813 584 343 906 686 778 552 11 665 889 796 136 563 117 355 59 647 806 407 255 297 254 905 353 30 182 
8 644 372 903 861 308 494 101 487 
13 918 414 924 541 697 760 978 251 957 92 589 588 23 
11 974 527 447 513 776 52 153 511 42 536 222 
3 273 448 878 
3 912 703 237 
6 523 560 593 886 914 274 
20 978 727 387 976 522 352 678 232 600 902 551 952 851 722 444 397 864 963 728 745 
22 57 26 422 202 153 475 624 790 721 58 403 714 161 433 989 631 621 318 401 964 442 866 
29 974 918 72 877 738 316 317 491 26 967 982 283 251 462 434 943 535 302 589 795 973 893 374 423 666 477 260 397 75 
2 105 24 
14 345 724 531 713 637 375 402 980 861 836 289 660 91 990 
20 339 104 123 71 3 160 751 4 10 586 396 998 814 474 205 900 281 60 74 991 
14 103 78 721 102 732 580 617 358 794 664 45 589 176 466 
8 414 126 852 442 247 976 197 370 
13 679 71 703 863 14 330 813 232 462 3 780 832 702 
1 203 
21 385 536 948 543 866 178 451 741 158 683 68 406 685 417 306 756 825 794 29 135 763 
22 781 94 616 954 358 536 234 279 155 361 565 891 933 322 166 578 883 520 774 288 682 419 
13 518 868 801 722 725 698 179 963 116 949 408 275 480 
16 620 875 106 519 157 224 296 394 75 538 432 997 646 751 518 123 
9 936 881 123 503 125 741 254 897 261 
2 717 426 
7 50 945 843 899 479 537 634 
22 552 262 407 360 810 869 887 311 884 812 306 81 80 42 198 980 639 257 813 127 874 490 
28 184 833 397 722 855 652 658 933 837 880 551 250 811 64 638 785 348 141 809 761 382 865 93 113 74 253 88 997 
19 569 820 66 957 75 614 253 500 13 259 959 909 697 983 353 926 778 295 510 
21 171 28 898 277 500 211 819 635 928 880 13 105 841 84 283 682 527 7 878 135 411 
13 429 97 753 128 829 444 580 245 970 547 243 502 438 
12 849 691 293 621 986 350 396 552 306 930 454 405 
22 615 45 364 15 252 834 450 196 569 716 872 843 673 900 184 21 96 793 428 269 535 247 
9 896 417 811 176 242 808 153 872 613 
23 462 592 533 497 314 297 285 979 653 761 997 559 498 791 270 240 206 51 915 545 773 431 517 
12 910 267 994 696 290 866 301 551 213 183 673 687 
12 708 842 780 83 575 861 121 688 135 807 297 879 
8 128 397 888 746 286 962 574 500 
24 971 718 260 340 455 890 15 102 150 108 398 38 190 441 198 221 722 828 945 907 905 956 230 103 
12 492 27 324 385 68 563 197 261 897 754 485 463 
12 397 61 511 132 606 563 765 126 237 947 37 146 
9 989 408 988 720 554 319 709 564 668 
16 539 234 218 715 110 393 749 527 327 428 481 725 420 561 363 492 
11 444 943 796 416 143 834 238 741 505 49 658 
26 268 319 159 651 314 530 141 311 603 305 778 375 412 336 987 547 532 329 576 371 403 342 261 335 963 886 
27 603 414 818 400 378 727 658 821 853 852 704 179 112 817 897 546 487 536 171 367 680 532 64 988 260 958 366 
3 231 63 176 
21 539 479 501 641 600 731 743 85 375 261 923 265 391 687 246 618 737 588 756 381 551 
20 470 373 252 992 313 137 498 132 6 607 956 897 828 922 679 741 524 144 710 967 
13 521 145 833 126 748 378 68 412 951 469 458 368 746 
4 144 318 961 113 
26 412 30 805 173 677 926 92 847 70 6 349 20 781 507 282 644 680 625 185 992 98 968 91 725 529 119 
28 636 988 102 999 92 352 785 151 825 618 365 787 907 103 114 453 909 455 109 808 775 919 457 801 251 958 970 274 
19 287 989 272 215 837 295 988 889 430 433 374 609 429 644 898 716 263 587 719 
23 963 661 163 437 823 216 892 611 732 312 162 325 367 538 566 514 342 257 192 692 457 390 489 
14 399 640 185 138 314 523 358 9 384 276 907 580 966 363 
24 39 835 129 923 989 743 145 739 519 495 819 61 141 741 387 934 55 272 685 613 737 727 731 993 
27 854 696 468 4 539 830 163 618 746 596 947 143 820 750 485 997 180 622 858 249 115 268 924 707 355 393 158 
8 801 330 30 479 661 912 672 544 
9 730 933 238 474 277 901 477 572 945 
9 131 884 188 217 598 98 991 953 152 
3 317 705 237 
15 921 947 675 819 171 689 309 51 462 974 203 948 33 383 866 
11 440 280 76 88 294 803 431 356 465 491 463 
23 182 676 418 496 657 851 97 664 510 967 26 163 689 929 659 860 24 585 632 788 688 985 442 
28 359 843 863 41 23 621 897 429 761 90 303 677 370 934 996 686 330 81 270 723 625 857 83 173 438 413 283 281 
16 92 579 330 365 107 283 816 956 821 241 744 853 698 787 819 111 
2 924 161 
29 984 816 724 601 921 477 230 520 581 495 811 318 673 514 553 66 115 411 26 70 51 789 349 354 270 616 131 873 854 
8 515 283 903 579 160 281 632 326 
3 51 18 3 
26 248 608 544 471 483 709 144 973 753 204 108 259 32 783 618 557 260 282 106 333 517 156 38 278 710 162 
14 731 513 578 830 680 623 225 889 363 418 529 436 635 3 
15 361 301 970 954 52 64 823 410 12 304 432 802 245 72 960 
12 658 966 326 476 441 939 101 866 683 76 689 383 
28 883 662 941 641 348 530 966 286 326 471 692 817 943 296 645 931 710 226 191 45 633 176 323 554 825 688 150 159 
26 307 288 22 875 241 187 674 918 722 170 869 421 762 763 565 202 700 227 950 184 375 556 281 907 630 765 
8 169 0 926 558 796 864 727 139 
21 628 897 206 270 558 871 939 569 530 881 582 532 95 461 350 616 750 773 540 737 826 
28 639 488 327 360 636 565 533 868 581 843 475 141 730 48 495 557 23 748 920 16 253 44 979 317 315 400 589 800 
5 301 867 609 935 663 
22 821 795 999 825 134 550 165 955 730 952 763 930 365 746 285 774 700 634 120 782 791 842 
10 882 833 595 69 994 717 720 252 997 552 
15 285 29 407 871 754 636 841 189 226 143 405 368 118 904 122 
25 749 210 511 323 409 223 462 454 694 377 844 736 320 62 137 312 496 142 49 273 162 492 924 630 0 
19 347 609 217 945 208 360 608 859 916 841 871 660 84 525 833 944 934 454 391 
11 547 26 271 364 786 291 622 404 57 790 15 
25 280 663 76 977 889 311 960 871 679 997 306 778 747 303 87 586 420 726 916 466 794 815 117 170 648 
21 669 959 444 821 675 77 347 259 428 643 838 887 674 4 435 691 168 414 778 238 369 
2 970 238 
29 586 156 776 839 936 105 823 70 468 469 423 126 943 647 588 161 597 793 827 242 493 772 44 816 128 880 351 574 976 
12 546 263 230 628 84 62 256 968 817 484 877 650 
16 691 958 489 953 183 939 857 62 409 695 414 305 11 834 608 757 
12 827 611 740 573 173 690 743 398 5 965 167 672 
1 540 
8 834 164 210 577 432 47 851 740 
15 972 539 86 832 732 823 713 997 589 655 190 582 460 850 355 
11 565 217 395 824 634 972 576 716 660 271 232 
16 970 943 596 153 901 176 456 910 591 509 779 335 257 589 262 322 
29 52 443 752 25 334 916 706 702 568 27 769 646 642 457 811 169 685 906 297 249 418 542 728 548 609 366 253 483 924 
10 906 450 821 806 298 120 979 871 701 691 
3 638 817 19 
19 854 27 802 810 547 139 174 65 142 101 673 123 733 492 542 594 426 489 959 
8 802 353 303 359 834 196 873 925 
1 497 
26 728 467 499 503 344 189 844 898 991 702 343 372 271 696 442 685 410 952 19 621 322 723 676 833 402 600 
23 533 911 963 156 813 906 633 68 74 178 935 992 320 194 541 667 822 168 383 705 446 632 415 
12 230 779 586 719 107 604 11 409 236 587 838 554 
4 660 961 958 305 
21 120 294 802 371 688 358 730 561 307 488 124 526 915 941 115 885 141 207 584 356 913 
12 878 785 322 663 545 95 684 547 304 259 557 418 
21 476 363 483 333 438 297 271 807 56 611 576 719 32 305 962 539 596 574 471 210 12 
21 519 640 826 863 668 972 581 13 907 630 609 833 495 181 926 591 180 389 264 746 644 
15 488 785 143 919 236 24 568 783 250 742 279 466 606 426 707 
22 446 316 885 128 435 884 979 584 809 495 71 252 437 477 433 81 70 816 547 509 432 715 
26 41 169 972 553 711 249 970 954 611 766 198 53 998 819 864 333 464 207 184 410 680 876 714 23 617 414 
12 751 118 467 67 571 596 652 994 607 87 82 510 
24 202 208 286 693 381 302 646 332 452 157 344 529 439 858 909 515 953 262 852 916 336 457 380 552 
11 670 442 938 741 474 458 30 395 822 708 313 
9 476 429 172 869 175 687 912 228 963 
22 171 882 299 599 864 120 401 223 389 778 456 437 526 886 493 709 519 319 716 306 126 634 
20 806 703 124 815 875 521 462 833 327 998 894 682 260 464 483 70 846 878 564 807 
25 92 769 301 244 505 357 570 304 599 814 776 896 792 329 544 195 446 10 887 96 614 652 519 5 694 
2 159 156 
5 738 949 595 970 420 
16 286 36 329 857 355 904 735 544 458 49 370 725 863 26 530 982 
17 751 486 705 354 948 357 105 617 749 618 654 884 430 412 997 220 249 
10 101 103 444 925 398 208 37 739 95 52 
22 306 778 119 289 159 414 557 457 257 32 484 132 330 24 694 217 49 923 389 58 548 362 
24 463 346 926 162 331 206 22 216 718 296 0 11 150 302 552 780 495 656 223 532 738 177 274 142 
11 966 676 831 456 117 509 908 740 416 905 278 
26 66 571 386 764 716 269 264 776 314 985 746 390 161 52 187 580 35 389 438 178 81 147 396 728 115 373 
11 431 994 884 605 612 625 73 506 786 298 677 
28 313 764 998 359 282 216 308 742 477 722 807 806 408 47 830 336 600 794 377 927 535 561 60 160 763 669 105 134 
10 951 769 730 336 677 358 591 174 155 256 
2 903 970 
14 607 685 264 293 775 113 568 616 757 603 434 897 257 51 
23 339 574 230 559 698 668 402 144 169 937 267 884 592 733 336 411 546 690 943 575 925 277 281 
5 658 408 962 579 849 
28 278 146 437 651 277 881 614 94 259 584 187 843 904 349 778 790 609 229 147 198 739 678 826 754 107 303 987 317 
25 60 312 151 883 425 262 442 766 666 790 159 6 455 993 959 54 960 655 165 709 675 897 845 277 950 
3 470 267 731 
15 986 937 182 550 110 731 87 895 529 605 93 578 530 334 443 
19 508 359 225 336 197 45 589 787 647 490 975 842 277 804 349 767 406 71 17 
14 334 706 878 115 27 312 743 111 702 915 732 579 412 283 
2 943 217 
24 949 921 352 436 52 114 776 300 914 78 558 302 356 205 75 669 252 622 651 835 553 19 970 321 
2 751 300 
2 134 435 
29 219 192 776 275 857 749 292 602 390 640 283 753 59 802 164 680 415 601 732 667 36 615 437 380 537 639 573 117 896 
24 622 453 442 527 889 386 357 15 319 746 600 34 627 969 535 83 909 868 758 260 129 713 67 692 
26 264 639 522 597 637 192 581 241 92 893 48 848 150 375 506 93 931 365 862 105 759 700 159 565 816 21 
7 110 267 971 915 789 694 407 
27 322 672 602 692 77 53 574 44 848 526 457 710 124 397 840 93 399 357 276 188 671 256 315 905 702 603 765 
17 444 521 822 606 292 764 520 514 663 710 456 29 935 577 47 947 489 
8 131 439 295 782 103 678 76 617 
7 213 727 815 222 799 143 777 
19 111 548 147 180 887 142 973 665 11 263 826 693 259 837 236 662 888 854 133 
29 820 647 219 76 547 947 338 667 753 592 254 26 148 566 527 458 427 334 641 968 434 423 560 183 543 534 748 9 689 
13 159 169 976 184 787 584 439 208 922 115 262 925 269 
16 404 68 343 222 874 587 896 792 499 445 403 425 751 685 927 370 
14 222 419 514 948 52 872 990 427 50 525 811 435 829 777 
13 172 821 442 170 668 554 517 185 226 249 431 353 374 
21 550 691 167 814 949 896 272 936 352 781 496 679 244 620 492 290 537 542 476 939 216 
8 603 537 187 190 781 986 317 33 
20 890 865 354 972 396 719 460 418 350 346 188 118 524 846 376 154 95 253 858 525 
25 566 900 263 70 212 877 639 131 206 969 260 375 488 551 100 235 493 85 524 31 838 622 565 392 796 
15 399 361 814 303 541 429 919 731 133 172 800 939 745 523 821 
21 943 958 767 892 433 487 830 101 506 780 696 240 510 204 746 239 957 214 569 69 772 
13 157 295 64 700 195 967 185 135 682 884 995 911 653 
20 745 399 592 467 55 206 156 436 376 823 925 371 625 606 871 997 29 947 716 771 
27 493 756 231 643 903 451 207 45 346 752 423 726 991 102 164 143 887 500 718 714 777 735 439 734 167 31 993 
7 350 571 627 358 949 696 959 
2 217 769 
8 323 316 694 623 309 646 347 214 
1 308 
24 674 906 376 738 452 271 7 128 538 629 683 248 148 776 963 74 273 211 483 470 739 769 431 426 
27 798 591 487 858 971 153 559 40 376 453 317 314 873 497 256 106 104 309 645 751 219 577 865 680 345 786 800 
8 267 109 591 560 752 646 953 550 
14 658 840 972 967 363 284 613 209 810 780 710 878 182 707 
9 945 976 408 214 528 614 576 771 331 
26 159 608 913 164 198 539 107 754 463 967 846 531 881 83 492 801 564 827 981 798 302 56 132 401 974 103 
29 144 24 654 169 856 285 507 96 343 574 647 273 339 886 944 377 715 178 868 357 155 637 481 414 300 465 753 579 458 
29 255 617 201 797 480 118 526 653 879 836 575 799 849 37 300 184 904 477 632 866 967 711 738 536 697 975 372 33 362 
13 463 377 145 229 993 331 568 810 148 723 690 821 956 
13 456 485 677 398 360 862 943 457 923 498 479 854 338 
17 979 459 860 907 49 858 941 116 996 188 494 933 605 321 294 111 442 
16 757 933 60 672 516 221 728 120 872 93 845 357 260 491 282 691 
21 17 851 95 324 910 654 379 499 621 279 604 473 410 222 8 144 581 112 754 3 32 
2 129 866 
10 456 820 806 217 962 508 150 896 844 878 
7 620 942 642 940 221 191 462 
12 790 511 956 89 402 749 293 896 786 93 297 977 
8 774 429 461 93 928 102 872 652 
27 755 788 985 409 961 356 853 499 63 580 735 252 470 546 442 650 163 23 370 925 259 276 870 314 306 31 346 
29 879 397 957 961 984 657 121 806 293 379 980 313 603 492 986 982 848 669 469 371 374 399 138 668 935 605 785 987 51 
18 153 300 536 70 749 311 356 60 855 895 421 518 976 503 966 1 929 332 
7 73 214 445 205 539 416 616 
10 578 175 517 803 596 375 883 39 657 600 
16 471 855 583 142 11 348 154 132 247 494 84 196 927 466 254 811 
3 382 398 711 
7 100 777 220 374 956 445 672 
17 710 317 468 122 788 84 340 920 956 319 511 950 608 253 195 5 293 
1 767 
8 869 938 252 10 495 92 825 196 
11 547 166 381 504 207 479 349 435 687 193 342 
2 125 26 
7 958 103 86 11 343 931 205 
5 847 222 176 756 782 
4 497 170 910 338 
6 664 272 230 890 818 677 
27 120 110 949 267 414 421 533 879 131 106 21 384 528 332 938 611 411 147 641 994 915 948 963 527 850 887 289 
27 816 454 729 49 305 72 594 69 781 91 474 761 927 911 226 39 429 855 251 67 588 875 360 655 108 345 511 
18 54 45 250 337 388 748 649 855 993 590 541 265 970 555 571 770 37 229 
27 309 561 664 882 995 597 297 50 121 731 974 222 124 563 820 161 285 911 952 599 252 528 75 141 99 335 963 
19 434 117 271 24 467 307 14 756 564 926 77 234 957 178 99 253 893 95 395 
20 190 9 142 83 497 73 738 706 495 729 411 761 253 261 947 726 837 905 245 641 
7 468 101 438 425 955 748 519 
9 818 766 905 12 732 161 67 43 102 
2 734 942 
12 418 0 970 610 605 402 837 337 861 516 723 927 
4 423 109 717 894 
3 530 356 34 
3 382 76 20 
14 922 649 482 656 389 153 968 185 611 895 37 898 292 321 
19 794 297 854 825 107 784 370 300 118 686 785 142 222 543 855 328 289 775 897 
14 539 606 639 925 723 631 447 663 498 842 342 426 244 705 
24 709 368 114 756 409 838 194 669 783 808 60 578 379 692 320 445 87 74 822 5 741 583 381 18 
13 891 938 732 387 778 285 303 953 347 635 175 607 58 
6 222 978 678 314 301 427 
20 776 733 841 294 314 348 954 756 441 780 401 791 418 465 184 967 727 870 719 713 
2 461 947 
29 699 266 378 131 672 14 9 201 511 621 513 426 853 104 894 552 886 279 412 93 367 237 624 828 782 998 819 849 925 
14 41 258 270 851 336 521 0 885 372 839 136 678 391 870 
19 854 62 187 31 774 471 382 82 45 903 722 216 326 319 963 557 668 240 271 
15 88 722 903 388 501 883 712 102 936 778 737 992 141 369 561 
27 540 980 437 504 883 194 447 811 733 959 34 177 184 547 514 157 692 851 888 911 351 730 347 0 846 43 210 
28 790 534 502 99 673 5 477 532 3 561 233 634 900 342 207 95 848 687 738 686 578 328 920 970 103 431 445 177 
22 501 939 644 534 854 115 664 840 571 725 42 660 456 44 105 191 263 181 405 49 817 397 
8 908 986 368 177 533 618 44 11 
13 403 321 270 821 325 464 218 458 590 328 828 900 677 
20 190 438 359 467 886 316 681 76 475 167 889 754 910 733 919 418 396 641 643 784 
23 642 607 64 148 877 471 413 889 427 506 702 653 118 467 345 313 603 435 790 281 515 105 397 
25 703 254 483 671 464 458 180 196 156 590 482 848 36 751 963 433 475 435 273 648 218 748 370 248 966 
9 144 596 346 835 211 123 496 82 930 
19 199 17 855 465 35 213 742 852 823 858 754 71 144 221 921 358 994 349 756 
18 649 516 650 211 78 476 120 441 11 909 535 714 307 443 466 125 81 220 
4 264 411 670 712 
7 162 343 118 895 529 535 682 
28 31 136 522 156 613 323 851 124 343 664 607 931 549 317 965 755 647 299 260 669 349 208 2 265 473 806 586 526 
22 853 82 251 748 480 257 620 618 869 586 166 569 322 205 268 346 207 3 812 520 142 935 
11 599 655 611 675 393 278 632 200 436 321 882 
8 652 159 606 946 25 373 749 496 
1 152 
23 832 561 698 52 562 918 868 751 286 886 611 83 617 243 338 98 706 783 467 102 277 371 697 
2 805 959 
8 53 955 372 917 74 41 450 424 
22 92 579 418 287 310 546 494 668 144 768 408 868 759 931 833 123 438 846 119 987 305 316 
20 367 409 158 674 3 912 852 184 735 803 192 787 362 455 310 579 971 81 527 144 
5 854 381 210 487 60 
27 914 945 3 744 577 261 92 716 402 425 932 551 574 758 108 370 85 884 353 283 988 305 179 829 303 386 516 
7 331 690 663 875 936 135 146 
13 178 332 929 410 460 841 992 989 408 559 277 180 700 
21 560 478 996 970 248 204 423 27 716 892 201 521 194 575 814 473 815 470 366 24 308 
22 875 133 153 221 551 861 625 954 460 848 889 65 239 249 550 266 398 188 178 344 536 575 
16 218 880 752 807 307 401 238 46 403 666 576 588 219 788 146 716 
24 570 83 995 211 929 791 463 331 387 636 553 348 489 390 792 385 689 202 164 603 499 912 493 359 
3 74 760 809 
17 333 583 813 642 331 96 221 383 282 106 729 232 763 866 61 713 670 
5 877 898 373 416 274 
24 725 51 23 88 997 214 757 392 796 396 105 62 141 444 128 247 19 420 448 24 386 541 547 152 
7 196 754 795 449 64 641 439 
27 338 429 132 889 378 666 786 653 171 870 778 840 639 36 43 250 866 148 102 339 944 730 502 552 796 608 55 
2 664 231 
4 178 28 892 957 
12 315 29 203 827 102 897 75 405 870 456 156 11 
5 883 936 780 566 453 
9 94 536 410 761 413 835 110 187 644 
10 711 267 459 932 765 596 794 17 946 422 
5 900 333 756 172 422 
12 344 148 614 142 874 730 889 576 46 386 122 75 
3 248 898 782 
11 336 234 625 256 307 100 537 426 423 127 415 
11 520 287 481 807 150 472 362 121 630 700 871 
18 85 115 986 452 666 589 161 229 53 371 379 540 411 168 326 796 479 912 
22 659 381 931 758 4 274 703 500 240 924 975 505 439 33 304 512 11 104 794 675 270 688 
23 992 735 997 879 384 0 437 21 433 639 288 291 906 398 334 146 166 361 290 45 738 972 924 
22 417 750 197 566 248 958 475 366 323 393 28 64 637 477 280 793 711 278 727 257 632 906 
20 989 602 898 172 38 781 15 816 334 29 167 847 90 527 539 240 152 697 942 610 
28 324 958 820 329 316 821 840 577 556 656 748 451 575 655 390 350 862 417 716 903 104 498 249 676 303 242 305 742 
29 82 525 111 279 778 587 467 510 94 165 68 351 44 45 405 153 16 498 103 682 639 914 729 476 295 415 196 149 935 
8 452 99 563 978 656 921 279 207 
2 825 58 
15 636 152 668 642 431 147 1 524 108 900 844 995 591 217 909 
2 195 881 
26 847 229 544 73 400 668 578 256 122 333 836 915 684 978 352 622 168 162 32 326 944 454 635 598 500 563 
10 264 318 905 592 581 943 959 665 792 242 
21 918 643 547 249 457 926 272 855 772 571 209 298 669 451 173 419 599 382 953 247 406 
5 316 612 264 660 713 
1 265 
3 761 811 117 
29 165 256 801 790 762 705 986 134 455 434 205 395 493 225 364 368 982 267 579 678 442 271 187 955 634 463 226 973 387 
29 389 689 273 50 352 688 495 660 926 471 275 855 670 571 466 451 810 874 332 43 553 433 762 409 268 718 396 595 46 
27 919 511 388 900 284 585 116 27 243 621 361 658 78 410 660 251 994 830 279 408 104 864 380 730 331 878 938 
18 89 195 447 866 324 212 121 674 99 480 102 241 594 337 6 543 820 425 
2 834 291 
11 816 374 440 22 400 529 914 887 908 465 523 
1 623 
3 757 178 227 
13 303 301 417 768 498 146 157 594 637 766 806 13 380 
1 268 
22 464 321 832 368 462 291 555 958 527 171 172 342 239 693 442 933 714 547 657 153 440 963 
15 101 160 683 220 727 205 335 413 256 933 368 38 12 52 432 
16 188 494 424 712 72 567 688 856 276 583 435 443 993 473 793 824 
2 258 30 
25 372 905 391 798 205 567 405 417 873 427 803 757 246 682 970 642 835 338 451 19 396 10 764 723 861 
16 804 294 354 454 896 950 261 481 40 97 641 88 44 819 316 54 
2 125 643 
28 514 243 565 658 882 133 591 336 493 830 579 106 509 403 921 271 224 197 380 245 641 553 285 679 666 190 959 505 
26 673 78 112 540 172 284 143 225 277 874 644 939 242 759 920 241 259 232 54 878 664 476 923 436 345 523 
16 964 82 197 83 809 678 996 906 250 835 14 108 470 111 618 441 
23 271 810 630 573 694 192 411 530 574 413 268 789 76 724 846 219 637 550 354 86 325 294 450 
27 175 277 458 119 435 697 889 155 888 374 59 699 659 160 229 688 190 952 198 7 714 767 426 128 971 724 92 
8 790 910 605 941 598 887 616 727 
11 78 560 971 994 758 794 259 405 671 471 654 
21 86 299 826 949 168 178 735 155 781 703 37 268 68 948 541 675 359 585 73 99 413 
1 10 
28 429 445 911 200 110 994 959 148 530 172 18 312 699 184 161 147 624 937 93 134 237 8 513 78 100 880 956 427 
14 4 531 977 117 358 515 560 161 796 436 570 778 481 432 
24 517 507 121 117 154 790 377 763 787 371 562 874 340 828 161 78 914 982 759 720 220 176 258 551 
27 366 200 338 944 716 568 626 796 239 498 768 711 59 738 55 839 966 892 87 631 493 590 661 60 978 147 866 
6 869 958 66 691 998 8 
14 594 388 746 97 442 550 361 253 897 447 3 427 996 517 
23 818 667 6 228 893 647 793 828 75 448 372 195 269 148 255 391 43 585 836 455 723 443 194 
17 863 552 445 242 730 121 435 871 23 388 133 679 53 980 336 626 323 
12 807 124 468 461 205 735 748 175 33 759 324 281 
11 857 118 105 263 23 64 858 909 440 99 639 
23 89 372 805 456 980 676 82 887 452 930 873 491 290 769 310 974 39 612 296 764 703 333 960 
16 165 741 966 834 485 857 193 164 371 11 861 988 9 145 846 216 
24 546 40 312 266 174 304 922 428 843 807 285 594 157 847 804 508 920 262 873 614 253 128 363 334 
2 329 469 
8 945 231 772 698 166 454 301 707 
19 517 457 162 557 625 631 832 740 746 636 642 489 393 426 545 187 16 904 669 
25 95 364 653 445 948 734 353 637 858 274 943 26 161 307 730 560 981 801 524 298 794 190 437 188 71 
26 845 512 114 909 552 760 372 574 203 333 358 28 825 150 644 265 101 577 624 614 195 48 481 795 8 199 
13 931 114 869 309 274 881 912 672 297 181 656 791 4 
14 557 406 923 911 505 626 618 846 731 423 893 540 643 104 
26 884 662 958 598 660 158 705 677 918 381 129 504 68 682 829 214 108 366 914 725 747 533 253 547 382 325 
17 516 935 889 750 713 708 575 424 978 880 828 9 804 17 900 286 792 
20 654 985 260 841 150 413 657 560 404 750 755 211 945 693 520 276 296 393 554 842 
13 970 110 276 557 585 696 281 551 368 35 129 380 79 
7 955 769 523 92 925 707 773 
21 130 951 287 933 421 723 122 869 18 639 620 217 724 627 13 257 977 71 240 233 793 
1 158 
29 340 461 208 408 33 706 736 89 902 258 65 466 930 665 465 40 731 836 900 680 921 482 926 4 426 747 381 590 570 
12 201 885 484 807 177 149 81 341 948 473 307 802 
24 372 543 581 402 917 238 425 850 120 78 584 218 336 753 59 180 411 722 765 661 967 975 48 690 
6 343 207 949 907 330 458 
26 548 215 616 134 308 302 199 539 407 907 471 871 617 291 956 330 8 399 962 887 941 714 971 719 532 288 
1 545 
11 517 916 304 134 831 18 675 928 481 217 578 
22 482 748 627 579 131 285 869 258 797 48 901 572 551 886 544 60 790 72 440 235 98 769 
27 586 956 248 723 937 652 389 512 249 536 767 731 91 806 296 250 27 970 423 49 316 875 599 625 143 584 999 
19 479 866 626 424 310 802 394 719 627 259 650 343 581 130 521 725 366 757 997 
13 816 328 43 957 924 782 605 388 738 457 997 221 3 
11 30 778 602 553 546 479 17 312 621 229 367 
9 320 7 71 705 10 148 772 610 753 
14 431 206 170 292 7 605 426 691 309 356 326 874 166 165 
3 474 645 495 
29 626 429 339 28 225 653 805 177 591 453 949 161 167 134 39 424 661 343 443 639 138 669 857 509 576 858 133 540 348 
13 290 632 88 571 335 603 669 466 987 787 332 883 502 
28 873 93 114 200 92 449 231 352 848 229 451 489 491 362 818 906 788 250 695 492 119 21 526 75 157 826 78 468 
26 766 693 632 228 58 294 284 40 380 382 9 396 717 349 782 101 98 343 496 132 201 362 628 860 290 90 
3 626 55 759 
25 895 74 424 242 265 786 217 260 792 929 680 361 660 100 502 622 947 920 264 403 784 933 725 602 599 
6 42 545 605 573 721 152 
8 41 685 215 662 509 695 170 793 
5 783 410 139 122 999 
28 21 61 850 669 642 596 953 380 253 698 50 793 732 494 382 691 796 748 656 562 618 266 756 484 72 215 961 341 
27 492 422 588 103 987 525 90 838 563 970 259 854 703 281 307 453 933 115 388 683 870 447 728 4 66 302 606 
27 398 660 78 193 60 762 818 835 804 353 996 505 548 537 894 531 297 79 106 318 841 525 662 412 207 411 371 
18 458 19 587 394 523 810 148 305 465 779 509 83 450 869 860 210 776 717 
8 654 21 390 948 718 653 316 191 
22 279 441 774 359 167 675 250 835 947 608 938 712 531 641 589 560 54 736 133 170 585 27 
23 935 835 870 657 580 318 273 992 457 565 55 560 628 549 658 270 747 212 517 31 373 950 792 
16 251 519 762 989 32 555 54 703 354 176 940 490 964 105 234 922 
6 943 72 599 34 381 146 
7 128 801 574 763 250 823 187 
3 606 839 188 
22 236 178 555 889 69 775 526 765 288 372 169 37 252 842 786 422 930 40 179 925 920 704 
10 51 671 109 626 914 22 27 12 190 359 
15 995 712 522 645 622 428 381 176 147 155 369 691 362 784 793 
26 663 464 447 301 853 740 895 582 498 755 644 357 730 73 715 516 841 645 258 804 688 854 526 351 380 883 
29 86 19 279 612 370 611 443 631 927 409 238 116 341 843 192 67 872 619 548 640 32 544 211 507 323 250 781 193 565 
19 843 990 282 244 632 349 10 898 366 239 867 238 476 531 529 99 533 375 942 
2 484 805 
18 115 567 228 531 443 785 911 209 870 301 834 532 944 801 630 718 524 787 
7 995 241 18 918 991 85 513 
25 910 747 522 134 681 969 5 753 980 98 453 288 750 618 159 572 953 444 845 115 151 821 984 790 810 
16 906 327 903 269 732 427 953 285 417 605 769 670 842 967 774 698 
5 839 270 538 367 796 
21 65 101 600 508 822 513 169 597 293 945 235 386 515 780 30 326 691 990 103 803 802 
2 437 474 
27 616 579 186 784 317 509 23 879 294 144 140 924 777 147 643 496 906 248 734 625 296 806 838 557 27 345 299 
27 235 958 982 142 186 366 546 991 734 147 444 685 808 543 89 763 126 727 863 70 388 683 184 687 148 120 597 
22 732 820 131 602 342 188 772 762 415 19 598 941 457 353 586 454 706 189 207 523 21 517 
5 553 741 76 349 821 
9 177 698 158 523 708 579 206 438 731 
5 158 8 363 600 145 
17 378 931 257 753 17 872 470 997 664 173 429 441 73 726 189 301 766 
12 316 400 174 620 536 268 314 777 570 53 694 919 
26 531 269 453 945 26 309 882 420 787 379 995 698 643 239 215 263 676 866 646 680 590 657 63 850 699 353 
10 311 153 495 942 446 536 386 646 246 179 
13 807 19 306 687 444 844 639 121 0 77 463 374 145 
3 564 301 396 
28 963 758 902 29 863 939 885 872 488 530 56 790 30 568 220 701 644 372 216 185 266 791 154 587 374 738 2 982 
21 70 957 823 748 844 413 5 271 325 762 799 803 126 754 807 444 426 642 944 318 250 
23 668 885 226 629 206 741 605 493 655 642 952 170 196 653 860 363 716 660 925 334 357 527 289 
27 527 9 596 974 868 506 145 352 87 895 563 876 606 310 605 315 260 853 295 84 966 468 202 622 623 217 906 
20 939 434 223 345 164 372 800 906 613 722 741 571 464 770 526 257 182 930 350 879 
5 567 734 764 306 830 
25 284 768 738 753 216 176 146 217 248 808 32 34 272 640 312 286 999 153 144 252 547 74 462 900 673 
16 473 328 642 752 268 778 621 172 431 687 721 983 529 250 180 89 
3 476 114 808 
12 816 905 381 87 643 590 469 221 414 58 586 45 
5 629 345 687 665 712 
11 935 995 160 474 205 644 813 306 109 279 822 
28 251 619 451 360 269 219 335 934 324 651 304 111 791 310 44 34 758 965 737 183 425 746 464 118 555 26 671 471 
16 657 675 820 724 360 775 442 471 737 275 278 374 467 947 861 716 
9 434 964 422 356 12 142 785 713 333 
22 30 701 889 822 468 301 97 256 104 763 135 112 282 810 62 51 855 330 832 199 951 981 
27 331 956 638 11 333 821 859 456 82 359 748 361 919 238 699 154 512 31 397 163 986 988 752 604 565 123 218 
17 221 625 249 199 472 730 657 79 746 87 582 149 732 188 277 802 571 
22 892 236 605 212 557 906 688 440 127 936 953 958 544 496 129 505 748 61 845 860 916 115 
1 960 
14 3 427 484 321 711 897 930 748 342 194 686 146 545 128 
28 745 242 537 487 7 714 245 731 131 240 998 213 360 897 343 925 93 272 743 113 679 958 782 229 849 177 699 346 
20 823 368 870 861 365 447 499 698 344 22 87 646 703 797 648 301 99 153 137 741 
10 265 262 646 242 549 960 877 501 702 789 
4 537 104 223 82 
2 532 439 
12 843 14 962 437 877 584 995 135 941 655 157 883 
25 945 320 402 336 107 417 244 263 635 515 207 58 971 523 806 855 424 497 785 948 492 53 242 993 183 
11 792 237 632 59 380 691 538 356 665 112 578 
1 420 
27 745 459 869 799 855 407 134 548 594 260 432 253 152 279 646 538 693 732 516 930 910 714 654 51 150 661 12 
6 241 217 844 627 541 331 
10 99 883 186 484 756 810 481 664 938 567 
16 316 318 686 462 542 440 618 449 571 325 301 726 240 438 501 160 
20 178 221 544 296 186 708 995 228 108 793 13 459 448 511 784 705 520 479 32 440 
10 716 285 810 110 423 247 822 396 788 391 
1 904 
3 624 656 73 
7 581 117 113 214 574 109 151 
4 112 684 854 134 
18 542 723 79 105 143 751 123 927 321 518 640 1 463 205 868 72 406 641 
14 171 842 120 925 468 707 314 498 462 151 434 920 762 673 
24 473 98 336 906 860 604 574 618 958 311 153 797 631 691 344 544 567 643 934 584 575 657 901 326 
8 915 121 702 828 899 582 73 151 
18 350 923 991 0 619 943 312 87 669 582 676 769 825 950 906 437 655 951 
19 282 430 793 583 322 774 969 848 935 281 122 716 85 999 72 441 607 572 118 
22 144 84 620 300 99 894 903 124 12 791 481 877 402 551 275 91 505 170 143 651 818 781 
13 420 319 350 859 52 610 62 172 915 832 467 785 375 
22 972 747 377 390 31 657 907 734 561 195 760 621 432 796 294 348 953 941 586 659 451 879 
17 178 17 756 273 948 534 739 776 984 730 414 712 133 531 321 565 825 
3 906 300 46 
26 935 237 514 276 328 181 929 819 10 383 201 400 501 498 210 452 465 438 40 59 774 32 990 673 540 437 
14 377 707 542 719 450 683 465 836 961 923 843 289 962 920 
20 732 977 256 305 297 245 117 587 123 765 6 45 887 646 144 937 25 534 841 168 
12 437 717 452 460 961 381 944 218 845 727 146 723 
23 997 216 69 402 742 941 625 534 631 184 682 297 654 613 883 698 931 237 757 702 812 337 637 
18 227 604 879 443 629 190 185 947 994 532 205 968 725 549 860 755 263 696 
24 516 444 145 710 290 321 410 414 954 799 406 0 942 625 875 363 60 79 179 773 975 965 619 692 
27 451 217 179 720 573 638 728 769 148 605 523 295 454 181 984 912 547 308 403 69 102 119 677 700 545 904 216 
29 384 493 362 850 616 457 405 147 968 41 567 185 277 285 485 250 180 872 466 123 441 110 222 798 996 802 705 346 691 
6 207 216 962 270 190 381 
23 354 665 410 881 969 850 265 964 10 533 355 85 545 723 370 125 525 132 867 827 83 714 747 
23 358 478 788 312 320 355 299 182 700 767 105 987 672 548 198 887 580 308 832 280 758 403 836 
23 403 830 535 670 875 89 970 978 10 414 8 493 799 626 582 677 331 49 14 977 271 482 263 
2 421 580 
21 38 904 31 620 198 809 698 823 462 510 618 935 527 480 897 633 382 686 859 735 419 
27 326 555 34 643 0 406 89 16 60 162 987 289 752 792 777 896 155 240 14 57 791 809 271 480 500 913 716 
22 649 902 438 928 629 855 600 444 396 481 114 568 549 722 680 681 184 108 137 309 461 934 
10 933 255 877 324 283 752 353 956 4 950 
8 513 115 445 621 880 50 763 683 
28 989 769 421 785 100 770 426 216 824 98 410 63 461 521 691 337 845 637 487 155 858 448 882 139 227 255 624 366 
7 690 721 125 191 13 552 832 
9 463 831 55 79 481 540 432 433 519 
22 66 71 816 813 59 243 36 432 938 873 382 984 300 597 825 338 202 632 256 153 404 641 
26 553 760 95 194 545 646 378 958 122 812 781 363 460 157 68 54 681 889 256 811 627 980 313 554 396 977 
15 407 129 484 452 779 331 277 945 344 108 193 308 138 393 267 
19 78 455 227 835 453 728 695 917 764 825 19 165 838 72 38 427 410 509 618 
1 195 
21 178 989 536 834 339 527 701 195 231 98 538 469 172 280 167 436 887 157 594 644 972 
2 222 709 
2 528 858 
2 649 802 
3 488 969 795 
1 896 
1 268 
13 488 902 57 943 182 690 698 65 738 741 691 26 671 
22 317 207 568 446 943 660 505 580 622 121 997 371 279 993 910 754 396 276 572 739 81 5 
5 656 475 613 357 631 
10 414 386 697 773 236 287 648 776 309 931 
18 352 306 45 874 399 893 631 614 948 490 708 284 912 466 94 175 3 627 
28 733 512 155 453 258 873 563 356 480 808 777 937 162 268 149 297 336 780 989 657 917 267 316 866 404 776 181 797 
20 504 381 56 996 411 590 723 503 168 960 770 249 197 860 278 460 519 490 120 994 
18 482 997 630 549 943 702 423 358 531 918 400 48 95 408 707 464 270 843 
24 696 73 383 496 743 387 253 658 631 492 255 895 955 775 867 958 794 37 791 757 473 527 249 117 
18 613 535 497 407 765 194 519 865 218 993 904 262 145 144 759 711 273 235 
18 195 553 827 264 834 703 494 390 960 338 394 113 419 961 806 341 673 172 
6 44 304 912 751 195 243 
22 741 830 470 866 473 76 335 883 872 917 665 411 55 518 129 731 56 888 850 615 230 460 
2 155 459 
2 46 135 
24 496 590 861 635 29 790 613 600 413 949 616 214 201 100 696 669 76 472 813 959 168 604 849 993 
14 342 267 949 62 252 713 637 591 787 294 86 264 932 187 
6 525 139 826 532 381 677 
23 152 830 93 834 278 205 375 67 251 412 856 302 551 847 649 89 945 800 166 774 211 909 281 
25 280 991 380 709 690 712 707 898 161 312 7 300 894 307 294 811 549 490 736 883 225 525 109 296 681 
19 26 671 776 226 587 515 858 692 682 883 843 878 797 629 954 151 190 945 290 
20 284 969 380 590 576 328 569 288 980 883 597 854 77 916 177 957 369 800 615 929 
1 804 
8 728 655 282 983 587 615 15 507 
27 733 535 792 642 439 717 819 164 628 133 300 195 203 547 886 373 276 45 162 671 343 298 688 12 923 997 700 
21 813 401 571 683 442 863 313 370 651 474 577 479 437 556 776 608 465 857 414 605 678 
10 451 801 283 408 669 839 581 906 147 799 
1 129 
27 784 110 435 57 114 873 904 89 54 44 160 630 475 438 956 514 338 632 626 296 922 453 71 434 594 122 106 
2 350 120 
23 399 945 514 658 69 273 631 308 591 295 814 647 630 941 745 935 284 59 744 730 943 986 674 
15 455 361 778 410 469 118 356 585 535 100 538 154 524 698 680 
12 217 213 48 249 293 572 26 481 735 201 517 709 
27 308 444 539 358 748 694 143 163 633 888 795 973 243 25 9 271 873 195 49 88 626 552 34 793 406 280 255 
21 184 950 685 197 718 657 836 238 316 614 555 341 292 670 873 271 745 664 767 641 372 
5 34 272 469 502 884 
29 722 627 838 685 328 788 185 166 647 890 406 159 233 593 378 389 668 123 847 149 506 361 40 339 570 877 967 286 982 
15 98 243 469 274 605 837 523 594 225 758 21 309 681 797 521 
21 485 220 97 539 879 844 200 563 723 367 109 683 20 570 741 375 42 845 821 776 279 
25 660 37 536 492 463 587 337 20 567 470 793 6 685 691 21 753 925 308 376 636 248 318 256 281 139 
1 908 
14 975 633 164 78 648 428 14 675 56 290 656 39 823 299 
5 63 852 105 5 343 
6 910 686 474 318 943 277 
12 454 758 250 940 199 805 613 953 384 621 605 344 
28 973 396 393 133 533 695 138 18 486 364 440 465 441 524 603 196 408 400 980 994 421 168 187 13 437 833 848 288 
15 629 327 956 961 429 83 311 722 689 846 830 725 813 800 718 
9 524 585 694 554 623 797 153 616 622 
15 411 406 121 881 745 664 0 587 402 258 343 243 732 305 93 
15 879 135 724 944 502 683 467 245 269 483 14 188 484 407 55 
5 27 526 629 11 761 
26 28 626 992 453 396 901 181 564 836 331 696 429 763 651 92 767 959 61 779 243 276 404 727 220 676 283 
28 523 260 652 430 312 32 789 264 36 304 576 899 190 183 591 160 543 239 269 93 962 927 503 505 483 227 721 359 
23 61 460 284 191 862 293 960 885 466 124 597 791 790 963 565 5 491 908 975 677 536 722 888 
15 288 887 720 121 276 569 741 934 312 795 764 132 361 246 43 
12 221 871 194 530 418 73 764 750 54 855 186 275 
9 489 117 733 987 446 962 66 675 659 
3 630 60 480 
11 794 527 623 637 539 23 874 600 122 474 863 
11 406 769 826 687 450 674 80 729 851 349 355 
26 539 971 527 483 859 89 703 398 25 29 405 418 85 656 277 780 745 545 732 617 845 619 626 74 188 1 
12 640 190 97 274 692 491 658 61 187 121 181 731 
2 725 447 
20 280 12 19 65 850 52 91 904 858 632 235 689 14 139 402 902 749 868 262 401 
26 808 434 832 81 198 798 708 809 467 828 416 742 102 450 884 194 925 985 264 127 382 401 638 851 282 398 
18 545 371 788 161 528 471 338 728 138 356 678 750 35 523 765 897 604 50 
2 113 35 
9 281 807 481 87 600 142 935 148 474 
5 662 966 464 196 106 
1 415 
6 344 761 957 150 194 168 
26 917 261 63 955 987 213 264 96 483 239 859 196 423 247 673 629 953 234 902 623 26 790 260 467 812 662 
27 239 642 569 250 302 939 446 456 964 803 248 7 658 795 424 806 197 630 688 465 173 643 58 902 794 232 966 
9 953 7 753 248 768 826 35 475 895 
12 74 28 105 952 129 114 110 985 790 102 693 34 
10 575 340 360 92 73 754 656 807 145 238 
20 518 255 577 818 73 960 357 375 542 918 985 417 705 983 165 236 681 223 808 420 
4 779 25 307 303 
27 706 382 160 251 456 745 880 446 935 336 272 955 225 951 590 865 203 964 347 267 307 907 315 848 647 436 967 
19 281 422 282 501 525 696 724 910 322 875 607 32 277 399 810 23 307 801 907 
20 316 854 933 715 535 710 810 29 504 159 873 5 679 245 144 224 498 563 661 750 
6 113 254 144 219 587 817 
5 956 225 285 533 263 
22 367 104 931 676 145 516 380 16 428 762 916 255 955 42 264 869 882 85 534 149 606 934 
19 567 247 92 754 400 312 159 884 918 457 425 668 291 183 882 516 741 726 639 
14 804 109 15 552 687 319 617 589 747 634 188 185 665 472 
27 117 442 787 471 936 721 390 154 823 942 454 234 108 691 247 635 711 324 35 742 466 832 589 483 325 694 332 
1 995 
7 572 702 205 995 218 341 853 
8 576 556 388 121 38 740 10 129 
13 705 140 833 4 552 437 564 443 655 533 907 884 451 
2 314 849 
17 960 688 750 172 684 77 285 685 771 894 3 257 954 75 14 252 965 
24 486 473 805 269 414 399 510 294 150 549 316 634 501 91 466 739 80 533 582 936 41 734 460 159 
2 307 176 
15 189 145 132 547 726 467 442 536 116 55 127 709 117 978 103 
26 118 22 301 3 411 146 49 523 338 163 50 594 588 498 102 335 112 457 68 580 852 915 887 801 452 359 
5 133 415 10 635 396 
24 936 256 634 105 604 851 560 110 734 186 226 25 957 8 838 856 458 76 939 566 231 89 510 826 
11 587 215 195 895 235 386 682 730 519 114 12 
20 745 728 162 186 930 889 343 569 971 581 822 632 584 387 526 37 210 35 531 416 
27 12 217 978 447 507 711 278 958 21 110 440 873 587 693 418 799 356 323 165 421 258 984 867 366 50 631 493 
26 340 847 745 304 230 808 116 492 97 289 575 472 452 200 390 312 890 193 867 89 750 405 922 432 904 784 
15 11 470 943 527 420 417 256 749 696 374 172 206 64 413 663 
4 409 493 225 500 
22 11 910 725 830 507 651 920 60 762 255 549 344 993 310 967 655 492 659 330 416 140 445 
20 908 311 385 124 74 194 424 319 381 182 527 786 620 560 13 970 702 835 84 647 
25 536 647 503 508 797 476 486 967 836 805 51 151 722 801 343 752 472 75 278 298 206 124 551 760 499 
21 784 64 938 163 363 338 574 863 637 14 349 138 989 431 739 499 146 734 918 917 604 
18 790 879 85 807 823 273 417 544 455 301 744 663 827 576 356 524 782 396 
15 531 9 651 546 547 301 586 899 451 861 927 610 737 665 201 
19 537 661 851 434 406 785 484 548 8 569 70 542 522 229 440 603 62 27 986 
6 255 46 11 972 164 318 
18 4 549 925 97 858 973 181 8 855 668 393 184 198 786 177 414 959 542 
20 195 235 384 68 383 89 965 442 893 798 944 955 746 825 245 823 663 712 137 132 
6 893 594 858 580 562 566 
13 121 734 233 496 463 844 757 919 644 578 843 487 31 
24 388 453 852 173 106 133 198 558 450 561 472 367 817 628 80 995 560 293 657 544 383 740 979 871 
3 194 634 190 
11 881 443 276 295 424 843 820 119 216 552 926 
4 369 631 700 291 
2 242 764 
26 678 369 73 516 560 673 456 781 154 602 861 694 334 155 968 629 186 872 248 128 874 643 153 667 292 41 
19 211 984 363 573 145 58 76 474 291 349 539 916 92 718 446 397 268 802 238 
3 858 797 930 
25 405 352 668 242 170 46 600 313 928 427 322 367 615 410 814 457 839 377 51 502 973 843 361 66 552 
23 887 122 594 494 461 477 82 71 749 882 374 739 168 972 125 372 667 831 507 585 523 365 621 
1 418 
14 376 344 215 257 410 416 865 985 436 670 650 74 859 191 
1 966 
4 135 142 418 544 
20 820 974 257 881 940 329 733 118 839 342 131 990 475 105 769 100 842 436 569 716 
9 436 850 100 102 455 690 253 468 574 
12 247 811 657 924 650 766 682 614 773 384 527 990 
17 90 750 340 864 962 7 867 327 70 42 233 451 36 618 925 638 414 
13 160 123 911 314 525 496 613 89 456 782 568 105 750 
28 35 845 853 755 410 916 944 127 368 209 373 675 898 516 140 733 796 718 248 677 234 811 704 481 398 793 361 59 
1 85 
16 966 779 455 55 500 622 685 463 784 617 283 803 22 549 731 23 
3 34 712 599 
23 446 347 344 178 490 377 337 40 764 592 561 106 505 754 486 349 583 635 919 6 828 149 695 
17 503 195 102 160 769 850 558 92 479 99 319 382 7 964 199 631 621 
24 146 617 705 139 457 527 822 670 442 913 553 204 901 438 529 78 883 190 714 91 959 449 538 555 
17 464 9 425 883 430 720 985 561 116 573 285 960 915 157 453 355 926 
9 793 498 297 376 934 14 322 809 112 
27 217 518 144 224 354 651 203 817 621 368 964 971 893 291 32 197 994 701 446 333 436 306 585 49 348 442 475 
2 184 172 
25 679 510 827 203 283 903 566 137 789 720 62 248 3 950 45 708 913 190 622 334 847 382 558 635 619 
9 566 244 957 686 898 420 963 300 184 
2 272 313 
21 687 659 872 750 298 845 605 64 926 921 284 837 635 202 72 321 315 303 179 216 91 
2 776 291 
9 354 628 509 655 898 423 633 781 416 
26 613 947 411 590 56 138 886 976 22 188 467 897 250 353 237 850 764 910 720 152 384 137 3 108 52 90 
11 286 288 74 54 533 85 515 503 342 215 52 
2 55 311 
2 653 103 
16 976 442 404 725 436 536 520 345 524 301 472 755 676 663 250 285 
6 99 175 635 827 843 345 
25 811 757 368 359 355 706 6 242 857 163 522 838 493 293 774 534 133 108 352 195 956 147 294 800 375 
7 889 184 612 449 344 862 628 
13 412 258 587 154 461 262 59 417 465 226 283 274 776 
10 226 564 670 674 390 519 608 239 604 978 
12 134 226 666 846 28 334 831 397 487 246 228 43 
19 154 513 911 887 551 560 518 927 825 949 278 886 413 702 884 293 808 738 810 
11 376 470 249 428 429 354 958 85 242 907 388 
21 182 881 511 846 546 920 936 492 223 669 18 331 861 350 151 421 986 724 159 77 637 
28 607 935 926 128 786 649 300 941 350 399 962 366 854 93 775 333 535 301 840 41 98 392 188 364 149 49 844 187 
6 789 734 921 53 975 397 
9 884 280 982 519 534 923 712 586 129 
871 402 619 137 141 930 5 88 848 224 655 213 240 472 376 357 204 381 246 171 574 81 736 42 877 625 836 461 302 349 273 592 831 613 8 335 773 828 350 883 675 87 475 237 211 797 261 872 602 16 697 106 189 38 206 681 772 392 552 119 901 899 688 818 151 293 239 763 722 486 391 799 260 739 80 21 111 999 23 235 529 894 57 565 954 289 794 31 510 589 355 136 72 112 981 218 193 622 413 955 870 550 54 982 92 923 808 196 657 200 934 509 674 956 710 780 397 609 983 387 362 720 283 377 124 993 753 93 878 440 481 593 938 463 689 183 403 19 209 572 738 840 99 768 471 617 62 452 405 961 384 743 651 650 43 703 530 810 946 665 339 274 398 116 952 32 275 375 931 165 285 672 750 458 829 353 950 337 644 160 764 2 113 860 416 198 75 932 686 690 962 245 292 506 864 600 740 197 373 769 432 893 315 695 520 455 673 875 556 631 175 692 915 603 61 597 83 953 515 850 164 409 157 853 138 604 223 70 564 965 77 865 968 680 305 791 812 744 897 304 569 296 526 148 944 404 974 979 208 485 524 863 167 306 549 554 181 173 439 326 95 929 394 832 771 990 986 1 909 146 145 232 370 928 646 460 555 873 338 347 102 813 707 876 824 921 364 582 69 856 332 91 601 187 424 108 693 787 511 676 579 922 825 766 359 24 699 14 782 948 249 487 800 46 499 406 502 682 563 443 606 541 927 219 6 577 939 276 719 869 374 351 814 372 414 527 448 912 560 727 26 918 105 861 3 721 126 71 203 385 781 868 620 503 426 50 360 184 253 500 97 849 615 176 997 910 842 888 890 492 132 988 234 796 319 704 63 641 470 521 144 805 636 837 963 185 39 163 330 730 188 317 819 76 182 677 365 924 984 632 18 608 578 361 683 941 288 558 628 639 867 795 833 841 749 945 786 663 444 238 156 546 489 611 540 210 972 395 970 52 701 817 547 303 497 467 533 107 660 371 259 483 519 785 446 41 67 202 708 429 882 806 244 159 595 36 751 103 778 346 117 386 994 998 951 903 685 559 658 278 312 731 937 508 334 943 949 300 435 59 453 264 267 322 822 131 815 180 820 169 222 419 821 691 33 118 900 399 433 700 436 493 571 217 694 308 128 591 752 967 408 913 96 201 229 862 459 933 851 866 456 191 790 774 755 379 153 214 517 855 382 777 122 767 252 166 125 958 847 170 664 421 729 250 309 271 190 425 161 942 610 423 356 20 482 297 723 368 891 978 348 947 266 270 854 501 980 477 534 618 325 886 607 590 596 742 649 411 162 323 82 393 652 152 561 959 53 310 367 60 914 331 178 478 551 880 570 74 583 898 51 754 378 231 892 29 936 94 711 333 614 248 127 287 666 659 735 417 989 329 525 279 58 668 881 73 318 298 612 265 761 256 389 919 594 291 400 623 757 498 268 321 101 494 258 803 294 643 243 143 964 192 277 598 78 299 10 911 4 507 366 66 746 667 445 468 857 89 834 40 469 698 557 637 845 114 505 662 889 654 110 925 130 158 340 149 543 343 907 545 916 748 586 479 457 30 320 431 645 626 290 491 228 759 895 605 215 783 669 588 996 465 390 441 212 762 599 801 839 775 22 712 447 86 843 484 115 241 522 327 538 65 437 616 186 732 553 177 363 257 174 269 495 807 301 758 957 885 9 434 734 284 328 476 905 345 935 251 737 713 282 638 221 236 960 427 714 823 262 537 532 584 336 792 420 548 844 756 316 544 716 904 624 581 134 542 462 473 702 991 430 84 859 747 17 906 383 450 977 717 216 227 516 179 147 207 354 358 830 580 809 0 438 324 513 770 13 79 816 760 407 835 195 536 709 528 802 488 896 47 902 568 656 648 45 512 504 630 696 765 827 44 741 155 135 496 342 139 205 380 671 969 804 15 733 401 451 129 784 120 514 535 48 539 718 272 627 98 220 37 908 975 852 474 454 396 629 585 745 724 27 992 523 466 121 194 987 480 874 826 971 640 725 280 798 788 35 281 464 415 168 917 642 7 28 575 518 25 706 422 715 254 263 104 567 109 442 995 341 576 140 314 684 150 307 726 49 133 838 587 728 12 230 11 225 920 311 647 64 879 531 661 255 973 68 562 233 388 634 295 369 242 678 573 858 352 887 418 344 966 142 940 100 247 90 123 410 85 779 34 490 199 705 985 793 621 172 679 566 313 687 776 633 56 286 55 653 976 635 811 449 412 670 226 154 428 846 926 789 884 
