500
1 385
16 255 42 248 216 417 321 444 12 345 427 103 397 265 155 366 163 
26 210 363 474 285 168 439 461 393 18 104 61 489 12 21 238 435 373 408 350 23 128 262 296 424 114 380 
23 356 477 324 174 236 22 91 404 330 58 117 492 433 360 28 175 413 143 366 469 350 364 283 
24 14 478 425 23 306 183 427 167 390 243 32 251 314 446 127 179 152 24 437 89 497 116 285 29 
17 275 115 232 427 426 171 323 120 6 336 492 23 437 368 363 195 229 
15 398 299 201 175 181 94 362 231 291 218 294 72 328 116 238 
2 118 158 
11 181 412 103 4 255 21 106 211 200 387 357 
7 121 338 150 358 315 161 385 
14 152 86 16 154 354 79 65 448 499 452 104 61 370 328 
12 426 34 170 311 115 134 147 497 445 371 176 327 
20 389 92 477 424 174 132 90 47 403 452 338 416 464 360 325 209 497 391 408 493 
13 60 48 160 128 278 264 385 73 119 106 11 115 37 
28 5 339 86 362 308 445 355 391 381 63 424 13 476 100 2 170 57 428 167 3 248 131 76 232 168 121 340 243 
7 404 31 35 452 97 241 132 
1 62 
2 220 96 
4 457 414 379 458 
9 403 298 200 252 352 112 223 0 356 
19 164 422 219 377 123 348 430 428 431 459 420 16 379 361 495 479 3 215 330 
17 378 285 104 123 133 190 116 414 154 354 24 137 389 269 203 250 462 
6 54 328 305 348 244 394 
7 334 379 394 145 169 482 81 
24 236 158 227 15 285 484 331 54 155 304 265 1 29 272 368 448 200 65 144 365 312 395 64 405 
2 441 260 
14 8 491 230 339 334 160 448 450 297 276 123 168 410 382 
20 0 375 329 268 416 454 369 204 377 237 279 63 406 69 381 202 76 41 221 93 
25 456 2 147 14 128 184 443 163 419 407 424 183 5 189 298 465 461 226 337 149 159 154 228 320 224 
11 386 323 176 275 158 85 471 124 156 411 60 
12 116 312 117 386 9 50 433 275 196 295 494 166 
2 175 289 
26 152 473 485 483 318 363 170 404 387 225 212 410 399 236 298 154 109 175 224 328 324 370 486 263 392 405 
18 175 0 306 465 445 133 449 447 289 346 200 479 135 42 158 64 453 122 
20 419 348 147 164 402 447 203 62 92 34 381 349 8 460 94 432 283 192 126 387 
22 352 90 351 171 380 336 186 177 159 458 61 29 408 242 238 424 311 39 339 89 118 28 
21 477 107 255 109 177 162 210 186 23 371 78 317 34 303 123 442 76 227 277 6 225 
2 273 282 
19 192 157 496 195 125 465 32 90 221 132 204 380 324 39 332 29 367 477 194 
27 467 244 327 45 37 338 320 281 63 416 225 461 119 68 18 478 303 6 84 266 330 291 107 335 345 1 279 
20 7 219 447 265 289 138 420 392 438 381 429 103 274 198 210 246 452 418 463 335 
2 250 39 
14 171 73 29 308 169 93 369 59 322 54 152 153 293 305 
22 76 51 440 60 323 3 411 77 133 384 153 154 231 110 57 336 111 44 343 313 410 347 
22 377 390 357 354 339 132 92 1 53 361 228 161 457 488 208 340 308 201 406 329 104 333 
2 79 215 
5 20 112 265 281 52 
4 468 198 224 231 
8 353 182 294 61 11 495 430 399 
4 400 111 1 279 
8 128 157 285 377 66 360 79 484 
4 340 131 483 180 
1 257 
14 36 474 161 368 64 329 142 67 371 112 373 196 475 357 
2 463 151 
29 434 90 185 190 95 272 88 227 468 390 56 331 308 55 327 253 115 212 354 399 348 78 140 371 263 37 332 163 406 
25 348 58 318 411 448 446 147 117 314 9 213 27 56 38 98 279 237 392 341 384 97 305 101 459 187 
7 346 7 461 9 197 128 411 
29 345 162 225 472 431 152 435 251 419 464 42 333 245 334 137 273 364 279 360 414 110 196 3 370 373 187 102 130 311 
7 313 395 88 474 79 85 57 
8 160 352 483 128 241 313 334 359 
25 381 316 41 283 461 364 136 299 121 157 15 422 96 206 455 217 425 24 406 307 346 339 252 152 392 
2 196 136 
9 222 487 338 51 340 467 270 95 55 
12 272 177 365 13 80 237 429 90 480 214 280 359 
2 46 89 
20 353 85 334 206 150 264 269 241 191 43 202 332 266 184 433 67 207 364 195 363 
7 113 242 277 307 411 162 459 
4 96 135 226 1 
5 121 455 150 343 342 
20 298 325 214 393 491 370 58 106 160 181 440 467 447 314 470 11 421 488 268 402 
23 441 192 485 58 443 101 116 289 324 335 165 168 176 122 277 48 160 38 392 149 319 489 368 
2 109 473 
9 296 24 491 99 380 406 472 197 168 
2 384 66 
2 94 209 
17 370 283 221 193 333 202 481 190 164 299 30 121 466 130 12 357 36 
8 492 126 417 256 450 331 429 439 
22 447 391 311 415 50 240 477 237 116 339 291 307 493 482 54 274 243 224 121 370 271 183 
27 187 14 342 472 295 451 32 243 218 240 11 148 493 271 54 149 15 25 114 115 232 351 2 27 369 116 58 
24 164 56 170 384 498 233 351 190 129 422 464 52 221 132 267 151 143 244 58 144 459 425 101 24 
17 229 382 130 1 173 144 266 60 320 141 363 118 317 311 297 7 380 
29 159 94 347 62 203 59 417 246 65 37 457 111 16 17 113 112 153 405 103 195 243 70 343 383 105 281 449 140 308 
18 334 464 229 25 80 90 469 161 144 184 89 248 494 311 425 362 360 234 
25 116 128 497 282 8 402 326 289 71 127 229 106 211 305 61 445 173 175 266 334 169 495 248 343 101 
9 218 355 240 442 369 357 296 485 40 
4 20 470 155 216 
9 494 418 2 382 21 187 154 226 115 
4 215 371 322 245 
1 337 
19 38 190 397 132 155 106 24 236 80 208 22 437 334 423 6 313 270 257 405 
14 24 419 493 299 438 262 123 473 256 69 122 496 446 319 
28 181 156 286 314 88 199 357 101 404 478 105 479 410 416 444 443 335 474 340 172 177 106 353 247 265 481 216 12 
2 150 328 
3 83 325 434 
11 0 372 260 496 477 152 235 185 179 386 351 
6 193 47 437 28 262 125 
7 319 197 348 233 454 87 317 
1 336 
20 232 335 78 300 172 275 37 222 356 162 36 202 186 353 26 408 65 434 170 240 
16 210 134 253 464 150 121 404 497 81 72 7 466 411 221 122 490 
13 222 103 318 472 384 82 334 81 328 20 360 314 102 
11 408 135 323 289 202 290 241 417 209 427 468 
6 490 38 430 301 329 177 
12 335 11 265 475 342 169 16 232 339 99 266 399 
13 20 430 32 357 206 358 232 49 200 224 55 1 484 
15 340 72 147 369 193 60 416 360 64 495 163 165 266 20 213 
20 317 199 109 91 190 279 483 116 239 444 450 93 266 277 117 458 499 57 47 353 
18 159 69 141 311 160 63 399 476 89 280 170 349 270 366 493 248 369 376 
22 51 96 466 295 219 50 223 478 15 216 234 302 182 227 389 55 86 141 93 252 238 61 
23 31 117 235 359 462 185 425 277 493 316 110 494 130 20 100 194 29 353 71 287 358 74 363 
11 284 435 312 408 33 345 373 70 487 189 182 
22 243 142 315 92 190 282 460 191 356 158 148 40 97 365 198 4 123 404 227 313 145 181 
2 140 212 
6 38 186 170 226 413 251 
6 325 215 293 180 237 241 
12 161 384 279 138 106 86 322 76 6 191 132 326 
2 88 414 
13 229 253 407 171 113 388 445 188 449 245 286 295 104 
1 3 
4 315 193 221 230 
24 134 415 84 52 480 388 198 354 237 271 400 451 71 421 334 250 205 242 25 490 438 36 417 210 
17 298 338 29 47 111 427 357 33 19 385 224 232 6 388 464 82 7 
23 406 158 213 78 1 21 42 154 221 342 84 62 90 229 292 131 121 11 317 415 61 41 343 
27 467 4 45 281 213 27 10 104 460 403 350 246 434 140 139 113 13 200 490 35 356 47 493 36 3 160 219 
20 317 300 168 372 209 259 43 184 64 68 334 279 454 29 152 329 268 281 448 397 
8 44 75 28 178 123 68 467 415 
7 478 392 342 215 47 32 238 
20 457 209 266 474 405 89 204 473 403 271 8 324 429 180 454 366 392 292 142 490 
17 2 25 185 240 15 486 420 207 358 195 456 181 206 244 270 198 339 
13 180 446 139 124 309 306 303 335 371 445 331 367 113 
11 420 371 279 151 38 170 335 425 286 477 206 
27 392 375 236 320 262 329 89 59 46 168 493 282 271 192 394 232 80 437 139 157 153 83 78 194 172 231 163 
3 354 352 25 
1 443 
18 224 21 290 217 223 490 333 241 176 353 467 214 365 292 163 293 186 457 
13 333 440 35 95 26 205 362 244 313 201 379 441 108 
17 392 420 267 118 414 353 398 74 13 229 4 499 411 237 330 252 39 
19 210 488 303 155 496 68 297 204 271 489 176 163 329 317 124 443 260 12 259 
3 391 474 173 
23 488 375 189 314 125 104 160 288 148 37 469 311 461 220 150 170 11 30 248 85 87 426 368 
11 330 3 317 135 184 344 168 146 144 310 309 
13 239 198 123 32 251 102 135 441 334 260 231 116 168 
16 209 65 450 358 360 456 242 32 15 338 427 256 324 226 57 443 
1 314 
28 343 402 268 283 246 477 310 32 15 425 434 431 106 213 112 420 462 233 463 331 228 332 426 298 177 414 364 116 
19 338 90 429 255 474 91 140 424 323 285 350 360 416 295 115 332 220 6 26 
29 19 117 37 142 122 392 31 63 138 55 394 261 263 447 121 269 180 325 423 2 440 360 100 477 268 282 338 144 295 
10 394 479 427 413 109 139 381 156 16 452 
14 362 118 223 145 315 296 341 476 344 321 428 159 346 217 
26 447 157 400 462 464 280 327 247 289 468 354 106 273 485 398 421 46 19 75 149 26 7 278 394 379 249 
29 400 339 233 244 222 89 254 12 298 174 43 224 64 190 279 398 149 153 443 366 330 152 490 207 133 192 53 242 168 
27 118 66 446 95 396 485 300 439 112 114 337 370 45 312 107 388 413 452 238 346 393 28 299 429 324 458 418 
3 109 95 144 
9 6 473 268 243 493 441 29 312 338 
27 213 371 416 313 337 77 138 110 374 430 322 84 234 173 66 338 358 258 419 229 350 7 118 282 401 204 176 
27 115 2 248 86 466 416 445 379 366 448 223 154 468 94 405 180 36 489 93 421 384 29 400 465 18 331 160 
2 82 182 
7 321 29 165 348 219 44 237 
12 157 206 495 366 218 398 291 359 234 61 256 483 
18 199 477 364 162 2 53 98 34 413 367 416 381 434 276 359 326 384 241 
16 464 486 6 404 54 237 442 38 417 122 66 7 37 304 119 154 
12 469 219 231 395 375 251 178 103 499 392 475 312 
19 42 232 270 453 346 159 193 7 9 380 110 449 84 306 485 299 301 427 264 
4 425 479 438 107 
23 307 385 196 78 179 328 229 419 40 72 406 417 283 34 159 213 234 175 8 137 477 320 63 
13 350 334 69 336 433 262 288 257 89 391 81 35 437 
7 184 382 143 93 39 266 207 
2 84 137 
21 190 49 85 3 128 466 50 383 106 103 204 147 359 77 215 223 361 51 397 323 386 
3 152 267 277 
19 150 131 25 353 344 234 481 443 105 169 96 192 450 466 442 23 217 130 184 
9 125 8 216 408 482 452 285 499 55 
25 26 75 1 323 103 122 42 184 127 486 77 489 180 199 263 294 391 108 274 481 421 23 191 414 195 
17 379 364 373 84 201 453 342 487 1 168 267 117 227 199 446 119 451 
25 443 425 451 188 303 32 45 318 457 251 397 1 9 101 197 137 201 131 165 146 395 389 172 334 386 
26 256 255 496 116 301 246 27 46 117 408 366 393 446 221 305 217 175 296 67 351 158 453 410 302 97 199 
26 435 153 395 375 81 5 321 201 95 105 445 360 376 170 225 409 80 196 224 292 449 147 149 333 185 369 
2 183 248 
29 447 233 400 349 92 100 407 372 498 469 32 83 479 23 394 194 220 178 304 411 239 268 330 303 53 460 126 318 179 
8 278 454 163 84 151 279 180 172 
13 373 450 101 208 20 213 193 27 278 203 400 114 349 
27 168 487 350 337 290 311 419 326 383 101 391 94 292 215 323 492 143 479 415 430 409 75 422 13 188 196 35 
29 414 107 439 336 419 224 126 129 105 315 143 366 73 340 454 449 46 465 38 430 442 242 266 21 281 460 416 461 252 
15 368 493 485 93 360 170 482 377 213 240 224 497 432 242 7 
15 356 47 178 445 212 82 407 346 194 205 454 296 41 105 474 
1 167 
18 491 245 259 169 299 488 334 333 324 412 115 262 283 494 70 95 206 145 
9 218 6 58 186 430 242 489 28 353 
10 135 239 319 109 185 88 469 457 300 364 
1 207 
1 131 
11 136 131 277 186 280 184 401 470 74 261 22 
23 90 42 453 486 337 107 434 83 402 85 55 182 330 188 457 206 212 439 373 77 424 65 180 
11 59 462 267 370 279 190 299 92 288 260 497 
26 450 307 151 339 186 448 496 124 56 160 198 313 367 140 461 168 50 432 102 494 103 177 416 79 460 111 
28 409 266 254 429 145 70 48 296 365 380 273 17 391 442 121 458 10 36 493 163 135 309 395 109 308 197 341 328 
25 131 303 479 126 265 455 117 182 363 93 282 356 352 180 316 213 82 252 109 349 272 157 256 410 88 
14 343 475 344 263 137 135 172 11 65 464 207 216 439 90 
16 366 364 233 21 237 476 86 498 479 55 126 267 413 278 356 485 
26 379 429 215 184 451 144 85 87 489 96 469 290 187 277 465 391 291 392 268 409 449 69 378 182 284 254 
10 203 490 22 23 171 244 319 391 467 446 
7 31 187 129 198 295 55 5 
24 209 154 401 130 152 372 243 309 380 196 384 436 456 269 119 220 357 344 375 89 201 368 473 377 
1 249 
17 228 66 277 258 290 460 223 89 434 27 425 256 339 471 302 24 351 
4 281 282 209 287 
17 31 80 414 315 195 122 61 114 498 432 239 190 199 159 188 173 266 
7 232 499 1 224 57 84 208 
23 331 288 437 287 195 178 55 345 20 442 147 457 199 234 54 186 470 484 202 242 208 422 19 
24 100 447 378 211 51 386 205 396 149 221 74 171 116 70 279 435 140 467 188 446 207 433 295 372 
1 313 
14 11 200 336 167 40 84 7 16 213 287 65 391 349 181 
12 245 176 171 82 464 218 28 183 175 96 343 410 
11 41 0 209 320 219 218 376 202 216 51 470 
1 241 
4 65 360 317 123 
19 98 343 206 268 344 342 6 170 132 411 269 385 375 50 204 345 355 55 104 
20 49 90 123 214 365 105 256 438 91 305 376 471 210 26 117 281 363 221 15 158 
21 453 313 65 312 42 439 8 149 434 243 273 261 400 13 362 327 242 374 122 481 165 
12 181 441 186 174 360 476 293 70 195 409 311 114 
19 425 162 239 196 347 13 45 109 132 88 198 438 37 42 304 330 342 450 138 
1 120 
15 117 197 462 152 24 99 163 200 345 463 449 54 289 149 391 
8 447 427 450 185 22 281 242 203 
8 305 261 383 130 226 13 311 184 
4 397 300 28 427 
3 377 137 141 
11 223 194 307 308 317 229 478 492 279 401 206 
5 199 202 159 396 355 
9 310 226 217 397 364 69 345 259 446 
16 400 154 256 473 30 494 181 42 136 409 54 378 448 90 105 38 
2 454 282 
23 29 132 425 250 176 204 311 200 330 53 316 113 410 221 122 177 358 430 403 134 117 94 72 
28 475 138 421 243 145 80 480 256 205 299 64 202 153 238 449 278 237 435 161 476 327 298 62 394 275 213 257 66 
11 17 292 16 60 43 441 409 236 149 394 326 
7 404 407 154 19 182 415 368 
22 230 321 86 326 124 98 379 339 414 293 420 38 87 453 215 243 157 140 471 176 228 345 
5 231 28 429 183 428 
15 388 129 246 295 114 355 102 374 418 359 456 449 50 240 261 
24 95 49 178 432 249 205 289 176 99 68 32 398 353 146 85 207 244 104 278 486 8 360 34 431 
26 293 74 458 182 116 292 401 67 56 382 45 112 92 354 363 317 236 30 288 188 196 493 83 379 149 147 
6 313 173 293 489 209 10 
2 189 4 
11 495 175 76 103 31 462 52 498 406 488 238 
15 94 361 77 281 100 125 407 485 234 68 442 257 285 489 428 
18 79 252 9 352 495 189 431 400 292 337 432 171 239 240 438 111 33 302 
27 461 360 136 395 293 142 310 495 467 322 321 338 280 156 14 475 90 221 311 231 259 439 177 46 441 347 381 
17 244 406 247 109 241 34 213 17 445 36 197 422 337 292 67 195 22 
19 42 169 276 39 118 285 349 183 362 410 147 261 407 151 62 401 445 228 150 
6 30 256 109 399 170 134 
3 475 97 47 
14 350 381 390 286 335 324 225 56 417 119 441 449 408 396 
20 37 391 345 38 76 481 30 470 210 381 377 374 111 28 459 342 433 110 3 229 
9 451 362 431 83 91 200 157 6 93 
2 386 275 
25 163 189 262 467 234 145 364 260 330 67 360 456 154 363 392 106 118 499 75 21 358 249 261 206 117 
12 297 103 392 488 464 261 191 405 376 73 18 361 
10 39 128 181 60 242 461 259 129 57 113 
19 222 90 470 375 287 432 100 201 419 461 285 245 458 4 28 238 217 234 492 
9 104 213 122 287 493 418 302 83 199 
14 258 183 275 126 451 194 364 204 319 99 330 199 491 490 
2 188 21 
22 92 63 309 70 439 351 266 219 239 358 230 47 304 380 393 496 94 297 11 330 146 274 
11 484 183 492 195 391 462 114 35 331 186 241 
21 181 471 372 304 308 467 110 224 279 132 343 54 307 116 461 28 108 247 154 416 143 
1 113 
7 390 114 359 496 204 357 245 
1 384 
25 2 429 179 161 450 383 186 426 22 355 90 354 476 77 385 257 287 68 178 487 27 375 42 323 409 
15 426 262 153 397 375 26 99 77 82 64 117 25 320 379 283 
13 493 325 104 408 394 53 17 430 205 478 0 12 64 
25 331 416 149 374 289 422 168 396 302 353 169 332 126 235 34 460 295 438 425 420 106 283 101 82 348 
24 231 327 39 368 306 32 167 63 258 356 284 212 311 178 99 421 446 276 56 143 254 414 162 343 
5 293 66 430 328 296 
6 448 226 447 421 487 431 
5 147 283 129 236 59 
1 343 
27 350 198 212 50 438 417 311 155 235 7 48 250 406 45 73 264 458 424 465 295 121 273 418 412 54 71 352 
8 304 117 410 209 103 271 377 309 
24 481 336 226 51 243 48 404 105 81 282 443 219 406 189 388 188 204 492 33 34 300 452 420 4 
6 491 447 164 332 59 304 
5 267 333 382 323 43 
3 376 252 190 
11 324 380 268 8 412 57 174 483 254 471 71 
11 67 101 384 404 254 454 146 140 306 307 300 
15 395 499 164 174 459 76 21 10 58 480 167 448 492 227 435 
16 445 274 240 463 489 372 275 155 261 130 430 355 115 181 392 188 
23 273 52 95 493 5 23 448 70 499 434 498 274 299 170 27 410 368 250 413 195 116 281 211 
4 169 48 462 33 
2 123 145 
24 374 146 13 379 31 120 84 420 423 110 135 369 341 422 346 355 444 184 290 238 370 298 53 402 
28 65 180 67 370 154 112 77 87 410 49 168 8 363 254 246 131 280 386 237 149 422 471 19 321 323 463 172 249 
22 153 293 464 324 438 115 449 239 125 289 235 182 133 21 458 337 212 425 190 367 294 414 
6 24 364 492 130 122 50 
28 318 249 370 444 473 185 299 179 120 241 376 181 27 216 245 488 491 208 469 39 269 266 407 427 148 345 471 132 
17 54 450 202 195 422 114 460 75 185 321 214 157 315 223 89 147 433 
4 314 470 359 345 
26 332 79 148 122 428 187 113 104 387 63 227 175 108 72 29 119 69 177 87 338 383 359 85 246 415 269 
7 423 107 464 180 317 363 419 
6 447 354 225 76 329 250 
17 94 487 235 241 246 302 489 192 98 472 174 170 486 305 187 343 367 
27 276 231 150 494 164 152 335 433 2 92 121 470 141 75 416 446 409 459 340 134 98 251 379 104 232 365 258 
15 337 20 234 63 163 79 235 73 201 173 133 58 179 490 116 
8 279 233 109 107 400 30 431 224 
16 155 63 135 316 269 388 39 291 76 40 465 308 194 95 420 249 
17 214 342 99 36 124 82 75 311 269 458 484 74 94 397 384 123 221 
2 75 105 
12 83 148 103 35 440 17 113 137 475 57 212 484 
25 179 127 390 95 360 267 383 140 74 112 126 456 323 269 359 22 255 275 236 331 457 79 462 13 492 
27 315 96 364 343 192 305 274 388 344 277 426 314 234 146 42 19 51 236 56 124 47 441 177 15 387 151 41 
20 312 325 482 183 199 363 308 87 343 393 27 56 155 411 225 456 329 91 464 18 
2 440 39 
28 61 95 199 244 320 120 316 106 495 258 177 216 377 22 464 150 239 12 194 337 384 440 356 117 37 248 171 457 
7 7 49 171 338 152 180 232 
6 35 437 342 369 120 2 
6 428 344 74 94 151 215 
10 88 307 366 208 52 267 199 176 87 57 
6 209 186 85 35 206 390 
14 253 334 425 248 302 340 369 143 431 159 137 467 170 135 
7 352 467 71 393 255 104 475 
26 399 84 195 196 39 1 305 57 456 191 266 207 24 385 293 317 95 395 370 32 431 436 294 56 48 118 
2 62 44 
3 13 394 270 
29 164 23 49 92 62 295 256 5 45 297 32 189 433 495 444 95 38 119 321 205 341 136 70 379 60 316 154 419 8 
3 195 19 264 
20 78 430 152 13 341 202 179 145 291 188 350 332 277 262 41 9 56 374 232 483 
28 222 278 133 402 243 280 139 151 346 492 240 189 241 488 334 440 381 55 339 442 359 7 250 52 71 110 486 99 
13 440 486 484 469 86 322 124 460 58 312 393 91 22 
3 299 487 132 
13 164 168 245 377 378 298 410 130 247 381 145 93 221 
5 453 216 148 59 403 
2 29 289 
3 317 116 452 
22 27 220 171 498 247 233 39 399 407 293 201 205 366 360 65 363 32 70 221 122 369 267 
8 7 29 280 334 326 282 383 414 
4 39 380 490 63 
28 70 464 320 304 451 52 330 204 126 152 131 427 493 28 153 402 45 26 412 358 179 364 117 11 442 46 305 419 
9 274 481 48 75 287 53 22 187 199 
8 422 230 67 393 306 356 43 155 
4 182 205 409 42 
6 288 354 31 108 286 366 
20 406 311 199 198 266 50 215 359 239 36 467 326 489 7 297 44 330 91 228 104 
15 317 75 156 400 410 106 69 492 319 308 217 343 95 436 40 
9 475 63 355 5 303 115 180 174 99 
13 334 121 428 321 486 364 13 416 216 263 170 26 464 
25 17 176 251 243 82 246 286 31 475 110 89 80 383 448 236 75 135 11 94 30 149 342 360 115 129 
25 291 26 82 214 197 287 279 274 107 53 185 387 63 170 345 126 441 266 270 67 294 421 379 171 376 
1 98 
19 29 146 367 228 30 472 389 335 385 172 393 332 230 27 79 129 104 405 469 
26 352 444 200 494 397 452 363 205 460 83 13 126 64 433 219 185 455 308 383 94 32 133 264 144 224 71 
13 216 251 401 56 309 114 40 458 121 323 467 303 13 
28 222 191 470 117 87 368 262 203 405 65 121 238 485 228 294 84 443 442 332 231 416 408 322 471 258 90 447 136 
14 323 122 294 313 161 6 112 267 466 136 429 451 117 93 
15 399 158 376 39 317 33 380 65 338 92 274 35 87 2 450 
14 182 57 200 134 429 414 206 112 363 194 445 186 107 405 
1 350 
14 203 394 393 342 408 479 345 87 208 230 331 123 26 33 
8 368 379 286 33 227 43 366 439 
3 458 144 136 
9 467 168 493 368 275 123 179 204 360 
22 9 23 257 460 155 36 275 356 327 271 178 370 279 135 146 298 4 11 234 21 398 79 
18 0 79 117 415 40 430 84 9 480 358 135 434 493 367 287 278 137 389 
21 463 389 122 392 236 446 97 135 219 0 44 242 32 228 313 130 123 3 349 454 473 
21 493 172 348 437 274 197 74 81 487 188 176 9 276 247 367 321 238 349 41 40 448 
21 497 129 405 358 253 436 174 458 122 274 15 374 474 266 26 203 105 229 485 176 53 
17 446 17 9 137 244 111 128 325 404 418 284 428 346 302 432 190 435 
8 482 447 454 88 403 144 361 156 
6 59 431 126 254 342 415 
28 39 302 166 395 59 368 100 194 468 213 155 463 326 470 499 137 482 148 391 16 474 117 126 228 334 373 439 267 
10 325 160 262 72 431 3 370 499 201 445 
7 432 331 380 343 395 355 63 
21 220 466 376 497 208 420 48 302 219 213 373 3 229 91 75 106 72 36 395 387 448 
4 352 326 223 111 
4 133 386 479 294 
27 73 30 44 155 321 24 25 23 16 470 125 104 72 383 285 247 35 464 331 81 51 47 119 293 467 170 429 
2 199 111 
13 50 4 47 277 492 426 222 140 267 188 365 203 254 
16 62 401 400 458 462 14 495 386 177 130 288 232 411 485 432 290 
21 217 467 264 21 337 128 150 495 316 458 153 157 420 496 366 373 320 299 314 172 282 
9 194 150 155 465 7 332 339 248 288 
3 440 392 260 
27 199 313 15 7 389 489 243 17 278 158 1 5 325 122 202 261 84 92 448 490 162 299 197 409 218 488 196 
12 480 311 379 175 443 418 264 154 145 78 282 164 
8 474 361 106 393 380 351 415 313 
3 480 114 86 
2 495 282 
6 288 351 328 141 270 489 
17 231 38 71 283 345 393 112 269 483 72 176 170 87 453 280 365 151 
27 194 416 411 469 100 3 279 184 69 285 353 4 249 126 130 494 227 222 424 327 49 382 82 218 6 44 196 
21 136 58 338 34 71 61 496 456 182 318 41 378 173 498 65 202 256 420 290 253 300 
22 452 216 348 56 323 84 164 279 232 81 181 65 393 332 395 345 123 274 263 34 336 352 
2 432 429 
19 31 164 469 221 87 103 126 265 236 54 370 147 259 39 286 281 319 435 146 
16 84 186 145 12 182 70 2 359 373 115 53 35 230 28 118 143 
17 24 177 315 196 454 217 432 371 201 428 189 4 186 89 493 243 74 
1 12 
17 72 404 74 50 179 209 49 177 362 51 351 112 1 467 469 89 309 
9 420 170 355 344 88 491 394 398 400 
19 166 410 393 266 390 373 96 269 30 80 347 445 192 175 70 4 260 165 301 
14 256 66 91 94 210 171 368 109 320 218 159 333 472 229 
18 167 450 241 379 383 359 85 122 150 121 311 390 146 333 105 460 230 101 
7 344 170 417 69 232 249 280 
2 472 382 
9 213 274 169 112 305 55 339 292 63 
20 182 50 251 106 258 213 423 289 199 377 313 6 62 276 335 339 260 357 418 39 
12 434 319 138 468 230 108 248 354 183 103 217 20 
14 292 410 265 414 373 59 40 439 300 444 171 245 135 90 
18 201 440 47 196 367 23 243 234 395 223 458 473 385 328 336 194 295 0 
16 23 468 381 218 444 6 256 148 212 442 58 482 488 405 449 291 
28 410 169 372 277 392 44 246 41 170 102 154 422 77 498 206 256 9 373 313 143 461 370 43 395 121 363 45 339 
10 421 174 262 467 9 346 458 145 129 436 
5 399 461 288 30 372 
27 282 453 225 408 238 169 422 491 391 90 114 437 240 97 146 455 272 214 307 144 24 69 160 207 400 364 36 
18 486 272 104 333 89 75 57 127 237 74 172 136 434 21 485 258 319 131 
4 274 498 428 294 
9 224 16 60 442 347 333 192 258 220 
20 498 111 474 145 65 46 113 279 115 439 17 436 178 1 181 175 259 58 258 479 
22 422 36 266 141 70 303 418 404 8 395 104 442 231 331 307 357 166 28 86 164 157 474 
5 150 332 144 241 467 
22 157 118 462 344 92 423 260 481 252 445 444 351 452 262 276 79 269 275 368 376 189 0 
8 200 348 346 219 28 402 282 323 
12 354 107 342 130 78 34 430 442 375 145 39 178 
1 469 
3 331 418 297 
23 432 480 424 209 482 436 175 244 264 147 325 314 305 48 451 157 73 62 56 22 392 412 271 
8 133 449 62 358 326 305 288 195 
11 141 324 81 85 18 356 492 131 307 46 493 
2 339 92 
20 294 373 122 35 197 30 102 270 38 278 39 204 403 154 435 144 107 93 179 493 
10 424 366 278 343 204 67 445 155 246 304 
15 337 492 85 384 205 433 410 279 40 296 334 161 158 412 436 
16 324 357 422 148 333 376 421 113 265 214 352 141 458 337 176 480 
12 55 119 157 136 141 482 342 242 168 498 434 40 
13 434 60 65 278 92 89 348 18 270 225 193 134 35 
10 328 242 498 487 126 492 175 14 343 451 
2 276 396 
20 119 155 159 77 207 477 169 409 94 24 291 14 306 262 9 74 241 305 178 181 
5 155 150 95 262 114 
16 404 471 271 252 494 84 363 468 64 136 309 425 399 103 276 321 
12 232 300 407 151 96 409 355 11 31 348 475 125 
26 448 424 276 258 260 25 297 136 95 310 398 277 307 225 35 139 325 499 406 29 488 159 375 295 454 101 
4 110 150 17 489 
18 212 35 109 411 353 447 302 231 29 200 175 380 344 317 41 150 45 227 
7 456 357 46 304 429 389 117 
1 354 
4 432 230 287 8 
1 93 
15 11 356 205 469 104 306 25 332 159 299 230 395 79 91 93 
3 5 432 264 
9 144 437 188 81 304 9 423 195 431 
19 429 101 125 229 49 243 162 88 269 113 493 394 290 257 328 62 334 412 403 
21 36 372 22 408 9 17 182 125 154 175 226 123 120 109 40 56 166 62 378 293 494 
17 490 250 259 185 341 398 389 127 483 111 487 173 324 84 266 365 68 
1 178 
4 183 2 474 55 
5 141 203 216 59 466 
9 238 478 266 372 30 76 168 355 229 
11 128 66 302 449 82 297 98 111 337 36 390 
25 488 421 271 340 472 124 368 310 450 449 308 115 108 106 132 326 209 319 67 286 436 399 68 225 142 
15 491 494 330 399 188 189 125 168 459 42 429 134 94 137 66 
24 208 281 358 59 394 465 222 359 292 447 494 373 183 438 333 410 400 451 257 477 38 216 242 250 
21 191 342 65 412 239 23 462 423 314 108 184 142 238 447 183 246 35 120 141 365 96 
6 305 53 2 97 370 386 
1 494 
7 428 37 259 403 228 146 91 
28 260 258 447 114 386 100 170 253 190 323 494 467 382 36 249 451 407 283 341 449 185 15 42 172 58 178 10 162 
23 217 243 175 467 366 393 167 236 207 326 358 496 356 499 106 174 468 472 434 48 342 158 257 
10 53 30 199 125 112 93 71 373 467 319 
6 381 169 336 152 187 256 
22 487 309 483 133 401 49 24 187 430 213 375 296 338 350 62 317 336 328 201 105 323 40 
2 479 314 
2 6 356 
2 325 4 
13 236 149 433 201 368 54 296 303 305 16 253 281 287 
11 32 119 4 137 402 478 262 315 25 358 72 
27 99 419 321 316 349 186 79 406 36 254 407 489 168 395 94 13 196 396 55 325 484 17 167 371 22 278 129 
13 111 292 211 359 60 147 466 61 97 317 172 393 472 
18 8 63 317 90 39 182 78 192 4 273 69 165 95 251 153 456 82 283 
16 422 188 62 330 27 8 475 430 398 185 365 156 183 404 236 221 
27 491 135 261 300 356 366 456 160 68 264 12 166 191 450 234 361 469 357 439 112 126 326 65 446 127 477 88 
28 481 17 387 410 21 436 237 306 3 93 114 475 322 274 458 264 392 115 99 406 488 341 203 291 280 495 397 75 
16 65 263 3 220 155 295 205 42 348 417 20 271 105 108 141 452 
2 408 262 
5 438 222 92 117 100 
2 309 238 
1 326 
13 477 406 363 439 168 445 214 317 469 165 460 26 246 
14 360 16 313 302 261 314 140 35 90 107 148 10 486 192 
11 332 212 420 310 294 67 122 429 295 199 364 
11 410 92 232 368 183 259 269 319 77 392 18 
3 192 331 95 
18 180 493 369 334 466 373 40 414 37 73 490 219 384 424 350 164 245 175 
2 227 428 
12 386 428 299 230 66 356 16 27 182 267 26 328 
29 455 462 201 181 355 493 460 358 348 188 405 253 354 284 442 89 397 96 267 277 443 111 18 166 246 68 144 45 492 
13 260 465 457 213 198 383 476 475 446 11 195 123 306 
12 101 290 385 477 356 436 31 497 286 248 495 138 
11 176 66 377 127 394 192 87 482 346 184 259 
27 458 354 420 483 241 463 399 413 412 355 499 369 28 296 335 310 65 103 63 80 251 46 2 264 199 415 269 
385 42 363 356 478 275 291 118 412 121 86 371 389 60 308 132 62 220 457 252 164 285 54 379 236 441 230 329 184 411 312 175 152 306 34 351 177 273 367 18 7 250 171 76 357 215 52 468 353 279 157 483 257 64 151 185 348 346 345 474 160 41 196 270 272 46 85 242 96 455 214 485 473 296 66 94 370 417 240 14 56 382 347 80 116 218 20 418 322 337 190 419 156 328 83 0 193 319 336 172 134 103 323 301 335 32 340 199 69 51 359 435 142 140 38 325 161 414 253 3 315 271 298 78 10 300 28 342 405 2 139 286 375 25 443 21 26 267 210 391 488 317 239 358 314 268 338 19 427 362 400 233 446 109 243 213 115 82 165 495 413 464 219 255 107 40 433 143 84 466 277 150 125 1 201 425 496 81 248 349 163 373 290 442 368 47 167 245 58 135 207 131 136 486 59 307 365 303 263 237 429 490 129 209 249 228 281 61 499 288 100 313 11 176 202 241 65 206 90 439 174 162 120 117 450 305 397 137 229 355 310 154 454 29 421 292 404 321 183 388 95 74 173 189 31 361 33 360 247 147 256 97 381 37 451 386 67 297 128 222 104 258 188 63 484 181 113 390 384 476 426 493 374 327 293 448 283 343 198 304 226 491 333 376 324 254 459 445 5 48 123 341 77 153 122 318 460 470 79 423 447 235 276 234 431 316 124 105 17 127 364 482 39 244 49 35 344 366 186 369 393 399 44 13 45 195 430 278 440 299 378 453 289 452 27 280 380 70 22 422 409 108 406 75 475 334 246 387 98 146 352 251 87 294 158 57 350 394 43 144 168 9 415 463 197 497 284 88 126 166 72 395 91 223 133 73 111 50 401 467 194 392 15 311 106 114 282 489 231 416 71 216 432 221 145 24 12 179 170 410 320 383 232 472 112 182 138 265 295 23 169 436 461 225 89 274 224 498 36 332 444 200 130 469 331 480 449 141 339 102 204 492 148 119 434 487 396 159 262 471 407 424 110 212 456 354 287 93 205 264 437 269 372 259 178 55 203 266 302 68 330 208 191 53 494 403 260 217 30 187 309 479 6 4 149 402 99 211 8 398 261 481 155 408 438 238 326 477 16 420 92 192 180 227 428 462 465 101 377 458 