500
0 
8 237 79 415 461 16 290 283 211 
2 92 157 
23 337 6 81 62 39 100 87 405 14 389 157 148 107 17 297 142 141 170 145 258 215 436 441 
22 24 77 316 174 96 225 346 120 117 390 110 291 7 473 12 455 27 441 279 72 137 342 
2 318 200 
25 111 448 42 215 265 137 489 350 150 469 368 456 53 124 16 292 125 398 226 496 66 27 374 114 197 
18 153 273 69 166 431 23 327 296 271 279 9 387 254 313 379 429 466 92 
6 426 191 361 7 73 192 
2 0 451 
10 221 210 403 40 85 482 352 41 250 56 
13 396 156 85 92 417 137 173 102 62 376 121 333 476 
12 80 224 46 136 399 123 384 44 250 382 267 130 
29 61 120 79 361 463 272 42 330 70 303 14 498 179 468 316 68 195 4 340 496 397 476 182 97 426 35 146 327 93 
17 34 386 25 68 13 328 37 269 402 414 255 373 419 176 62 359 212 
28 199 375 181 309 166 64 228 140 233 209 401 78 271 213 331 368 459 489 232 376 472 46 466 157 365 240 0 95 
10 193 172 368 137 179 78 35 223 318 383 
17 316 50 413 52 182 494 254 207 62 197 468 396 61 402 452 190 213 
1 310 
28 163 80 315 97 332 62 249 224 382 195 83 17 482 213 70 24 415 340 319 217 304 56 272 89 129 4 39 108 
21 315 7 223 359 357 416 482 356 490 43 214 331 194 379 233 466 187 460 106 259 333 
26 260 364 52 73 415 41 436 475 167 495 330 346 10 440 486 136 323 31 365 139 152 114 316 285 473 76 
3 424 146 380 
26 84 14 494 249 156 128 410 278 245 374 169 18 148 347 348 20 293 115 260 454 149 406 403 35 78 318 
14 267 416 397 280 105 16 330 286 319 390 50 352 24 188 
26 195 98 301 50 249 219 448 320 347 329 302 170 481 315 43 133 337 276 446 223 102 251 311 260 88 12 
5 30 47 254 440 401 
22 62 238 180 359 328 13 248 370 293 428 258 362 344 307 77 269 311 226 42 437 243 499 
18 125 241 23 160 6 119 204 156 137 198 309 411 357 8 428 421 287 486 
24 461 395 494 374 471 73 12 339 211 45 358 257 488 248 477 124 214 88 278 368 447 145 298 342 
24 49 436 292 357 65 316 363 435 295 155 225 356 310 324 481 235 26 304 388 423 81 335 439 20 
4 393 102 493 449 
18 187 168 460 15 311 229 104 281 232 408 65 133 301 455 111 107 330 410 
26 76 104 396 72 448 373 288 173 247 245 340 170 427 419 121 459 399 231 348 39 216 177 129 172 132 243 
13 8 32 161 445 265 43 243 267 76 392 415 153 377 
10 425 111 290 467 127 171 321 349 380 461 
23 59 310 155 197 400 289 269 148 128 120 332 297 453 194 441 117 380 177 278 361 166 225 208 
25 449 331 255 246 310 70 328 90 138 276 196 260 248 74 479 145 35 184 481 259 385 272 461 498 161 
16 379 315 53 396 437 489 354 266 473 447 431 298 316 480 218 41 
3 317 488 54 
1 191 
9 213 406 205 267 298 303 417 343 398 
2 449 384 
2 336 277 
3 316 67 237 
27 448 298 13 477 215 413 453 115 184 322 219 459 37 442 466 472 410 129 4 99 139 58 375 83 390 331 94 
17 263 44 59 488 227 201 358 269 107 474 303 155 196 69 321 49 71 
15 210 72 390 84 442 275 3 300 14 130 28 19 112 190 479 
9 342 497 415 490 46 61 280 481 87 
7 487 107 355 202 211 376 200 
25 78 498 220 417 140 234 51 332 171 421 293 183 24 177 173 345 164 213 364 414 283 81 211 409 313 
22 173 215 417 45 450 249 38 344 470 15 201 21 248 12 99 137 275 206 284 162 300 7 
3 27 258 265 
12 281 449 104 413 399 294 40 348 210 364 105 432 
18 380 267 86 452 449 458 25 413 328 102 435 471 363 189 303 442 166 209 
19 134 20 305 260 307 243 327 50 462 303 200 80 321 158 486 137 75 65 275 
15 203 209 152 305 4 116 421 168 338 382 158 76 29 352 163 
26 165 491 235 175 430 47 168 304 358 100 119 383 104 155 93 71 24 379 260 321 154 498 439 206 186 446 
8 174 13 86 18 185 36 451 160 
2 56 233 
2 77 31 
4 404 263 391 303 
20 424 303 188 166 22 489 462 68 360 144 130 464 190 326 444 153 71 104 15 173 
4 50 201 424 170 
11 129 45 412 243 210 89 498 473 194 117 255 
2 470 413 
10 84 291 362 370 133 345 343 340 197 359 
15 485 161 287 310 294 197 107 97 195 450 185 404 153 86 191 
17 112 235 252 114 194 2 360 242 368 201 343 452 187 15 417 171 287 
15 26 430 333 421 27 389 464 98 89 85 427 457 15 304 39 
19 478 217 113 28 138 302 238 173 279 441 19 200 241 103 155 73 22 277 380 
19 310 465 345 405 61 277 271 196 422 359 88 253 248 386 37 221 410 308 428 
23 385 33 256 493 461 131 249 39 108 377 345 392 427 42 273 67 343 15 490 184 421 82 12 
27 175 88 101 176 448 30 195 170 60 192 226 84 358 297 437 262 216 73 217 274 6 338 465 212 451 433 313 
15 161 220 376 324 301 61 112 193 23 53 246 206 235 379 404 
9 223 254 232 50 67 3 134 253 463 
17 254 127 484 326 233 481 21 159 216 182 26 272 19 392 140 260 330 
26 111 243 28 270 52 0 253 313 421 208 340 359 162 222 308 15 464 154 153 45 50 16 265 2 279 110 
20 97 425 380 45 377 212 201 7 33 458 339 26 257 295 312 244 294 379 340 85 
7 30 78 148 71 50 79 237 
26 269 183 317 491 477 84 50 127 345 356 142 247 217 79 103 336 371 314 139 299 305 164 329 33 11 154 
8 380 103 249 442 401 269 139 195 
1 166 
7 254 128 389 345 212 462 83 
15 206 267 232 141 437 215 343 135 371 241 258 456 390 93 252 
27 114 353 466 459 287 408 166 216 293 19 381 280 185 380 340 55 369 329 98 429 167 337 455 312 402 418 236 
19 107 215 80 477 204 266 244 433 151 387 200 74 98 371 358 94 406 435 295 
27 280 69 474 261 491 5 65 162 212 8 89 457 35 113 102 379 276 348 278 458 271 158 84 445 190 110 227 
22 140 278 234 460 63 64 494 204 70 430 356 106 224 85 82 331 229 332 96 103 324 252 
20 227 272 443 383 98 68 235 299 183 329 276 291 19 379 342 140 194 22 61 253 
24 403 171 235 118 323 25 341 74 69 362 192 444 304 392 265 445 320 73 158 376 456 316 397 108 
19 13 95 335 171 206 391 176 369 50 107 93 430 348 116 254 411 23 245 68 
2 248 398 
27 415 67 169 301 163 251 26 302 264 71 77 148 458 461 1 263 348 266 465 444 183 387 230 190 59 116 495 
19 426 34 6 346 108 365 35 73 254 349 5 473 211 66 84 180 353 276 45 
17 433 80 18 434 137 79 84 85 232 73 488 454 241 476 267 5 330 
22 204 474 163 58 234 152 15 430 292 434 110 174 398 117 281 240 198 199 53 119 203 297 
13 397 86 66 375 244 318 136 133 396 163 390 461 257 
20 250 441 17 311 145 65 427 20 138 431 232 423 152 305 252 225 37 416 107 449 
14 366 308 271 223 472 408 38 88 412 410 174 488 24 219 
3 74 336 175 
27 48 295 291 421 345 44 107 478 434 130 396 265 233 461 159 96 309 26 149 397 300 373 127 93 254 156 95 
29 395 154 228 399 323 89 212 443 469 244 317 475 109 225 189 210 333 478 369 222 387 465 479 313 153 496 187 324 471 
8 138 327 65 399 36 39 219 360 
21 277 128 439 155 395 71 403 214 32 321 107 491 252 19 221 108 112 122 145 98 75 
2 241 486 
3 202 246 445 
17 445 493 45 285 148 483 218 193 217 156 426 306 44 327 136 151 252 
24 499 179 245 213 188 144 387 444 453 259 215 112 284 469 191 321 323 31 275 385 220 89 459 223 
7 313 158 231 396 147 89 326 
24 18 164 320 23 98 177 447 141 49 212 194 56 404 44 16 250 260 444 132 4 367 214 11 294 
23 27 199 62 125 447 187 496 401 480 6 488 21 144 262 230 429 44 255 288 30 420 426 203 
17 401 115 476 426 51 163 235 272 87 376 347 245 70 284 130 484 336 
11 460 104 133 157 218 459 69 303 269 205 492 
24 455 322 173 37 189 12 80 460 420 94 147 41 49 99 222 339 19 92 163 65 226 458 108 325 
2 359 301 
7 299 477 219 484 438 493 229 
6 302 9 316 275 265 59 
5 233 41 29 192 372 
10 84 72 108 411 33 53 234 351 131 312 
25 318 492 234 499 194 183 221 426 12 174 253 409 68 217 423 19 365 255 72 201 99 377 244 4 337 
2 459 171 
11 263 267 164 39 358 240 478 252 405 46 439 
3 343 430 266 
22 412 89 255 431 38 115 256 16 425 190 239 238 386 345 262 240 369 192 21 352 320 357 
22 316 169 400 100 156 195 309 460 34 332 317 337 139 190 382 77 23 186 88 461 307 321 
24 374 84 223 474 7 55 471 279 362 46 23 414 325 460 97 441 287 381 40 87 222 49 160 299 
22 105 450 473 477 204 109 274 492 369 212 264 64 340 392 389 403 51 135 194 149 127 31 
4 398 496 249 377 
1 408 
2 142 288 
27 341 203 167 109 347 337 320 356 396 253 458 74 265 151 120 326 250 450 75 201 465 391 355 455 99 78 47 
22 344 466 239 459 276 358 408 133 458 313 315 468 455 95 494 256 36 472 470 354 242 215 
12 137 475 188 329 381 412 382 387 2 297 245 44 
2 235 489 
4 14 27 301 450 
4 315 44 449 102 
17 179 463 67 483 69 188 408 135 292 397 43 359 81 49 344 99 161 
9 275 317 252 141 81 234 180 354 366 
12 196 244 358 294 89 349 15 169 357 239 382 108 
11 464 254 372 420 78 224 100 449 197 169 134 
6 61 429 283 29 27 453 
9 224 175 277 416 232 433 442 444 67 
18 311 390 204 61 400 122 474 271 197 419 484 260 153 293 108 131 239 82 
29 412 206 398 420 13 212 101 439 192 184 201 410 165 394 372 322 363 169 353 314 317 393 43 269 211 203 397 325 385 
8 364 451 79 194 244 455 15 328 
8 148 8 155 368 193 414 234 451 
3 299 420 219 
24 79 70 356 285 377 156 226 272 489 37 122 437 381 17 317 281 43 148 382 254 222 39 444 228 
24 329 63 280 135 391 301 262 59 444 343 342 162 107 90 311 476 302 448 168 82 33 8 76 241 
5 263 373 480 492 444 
7 453 182 131 41 211 88 401 
20 211 157 248 415 321 418 79 436 419 328 290 336 102 381 165 4 448 340 438 322 
22 18 286 309 333 55 301 404 88 237 261 171 186 250 485 219 376 256 17 446 118 69 381 
2 461 116 
5 64 33 145 387 57 
3 277 152 247 
19 478 427 104 187 189 174 231 179 186 226 468 175 270 49 436 256 134 44 303 
7 231 77 410 311 332 247 17 
10 319 101 188 481 201 378 345 336 413 496 
9 339 384 62 135 462 179 122 361 363 
4 421 114 124 174 
16 302 322 141 101 62 494 223 343 340 405 288 131 69 296 36 198 
22 474 415 147 91 187 285 479 463 238 90 298 279 347 181 291 136 404 64 146 8 182 434 
16 49 224 336 113 406 450 429 493 339 304 64 361 412 102 380 438 
1 414 
10 368 105 237 397 59 113 33 439 477 318 
5 239 424 202 311 432 
23 237 170 459 49 257 453 120 214 355 47 411 261 7 308 285 306 91 457 252 452 39 274 281 
8 79 267 432 482 435 276 3 290 
23 452 451 415 101 293 374 303 460 391 126 334 342 407 208 327 278 191 497 201 458 478 6 492 
7 342 122 283 362 196 115 191 
25 13 96 315 458 379 320 492 68 123 25 389 100 370 17 330 413 356 222 476 205 334 304 150 494 174 
23 376 152 213 308 486 1 424 156 394 226 83 16 85 159 21 5 8 155 149 172 254 166 309 
14 114 218 54 72 235 341 119 32 214 149 91 83 265 352 
18 41 213 101 385 235 498 236 184 392 438 162 159 14 234 416 408 286 138 
4 100 408 319 114 
18 188 44 493 123 210 244 260 181 250 272 3 370 445 158 223 183 52 497 
6 332 336 250 313 139 127 
2 308 275 
22 54 149 85 123 103 285 384 30 376 479 139 307 335 449 169 482 125 314 16 175 385 458 
28 276 341 115 1 180 342 452 473 66 318 218 73 483 165 227 86 270 309 494 264 353 240 470 435 210 133 219 477 
26 182 255 127 455 73 497 300 248 220 368 324 15 472 431 192 418 274 322 179 124 499 0 170 400 181 108 
27 415 354 397 235 191 250 269 337 292 177 251 330 168 343 339 8 104 434 188 211 277 162 76 231 29 449 296 
8 170 415 196 404 336 292 158 444 
2 179 206 
21 6 43 114 34 478 277 373 393 432 16 264 451 54 125 378 408 403 106 313 392 47 
6 155 336 419 213 241 308 
7 321 424 272 95 394 329 381 
8 363 191 355 195 194 149 148 217 
26 349 292 315 166 285 337 262 75 461 419 358 341 317 240 226 271 361 213 294 400 19 304 45 6 174 120 
3 245 19 194 
26 10 146 94 173 261 395 47 258 37 371 214 445 331 459 426 294 28 42 152 163 210 301 446 364 350 184 
12 248 434 148 230 244 33 320 362 145 203 50 120 
23 498 431 61 1 255 63 456 250 100 76 195 452 401 265 407 199 481 162 417 350 169 219 276 
13 497 451 13 149 348 435 449 248 47 200 264 176 162 
24 242 454 458 91 152 39 187 9 361 49 263 73 351 154 175 248 200 103 212 89 36 231 257 87 
4 306 188 385 304 
11 440 356 357 125 421 20 209 80 151 397 135 
19 299 195 432 306 278 189 66 384 101 205 273 456 397 184 493 88 56 410 333 
5 487 220 171 110 300 
26 73 116 39 101 241 366 186 70 231 138 425 5 127 391 284 152 396 282 453 492 248 437 310 98 2 126 
4 161 256 76 201 
1 357 
3 264 78 191 
13 438 168 58 111 488 497 248 85 318 327 51 319 120 
27 373 497 6 276 198 336 302 279 484 109 166 375 269 207 442 244 212 452 215 144 353 249 241 185 191 199 134 
14 327 24 167 348 227 84 403 398 175 250 221 490 487 106 
1 149 
7 484 309 285 122 308 49 65 
28 151 340 321 223 23 318 129 199 261 311 278 433 414 125 263 429 383 322 307 214 348 194 398 390 54 180 202 338 
29 486 114 474 245 185 261 431 19 395 430 78 420 140 241 230 415 153 280 187 173 287 371 87 293 213 183 156 204 120 
14 85 32 41 205 198 252 2 437 487 90 306 324 248 404 
3 56 398 379 
29 143 262 382 257 118 156 241 399 207 349 168 216 213 3 12 240 371 17 486 395 340 429 288 435 31 313 414 231 454 
7 407 291 467 233 76 368 137 
2 139 287 
28 118 366 190 353 351 115 476 486 448 80 429 274 483 45 238 216 264 450 454 485 418 291 437 112 478 388 331 53 
2 220 418 
18 324 37 492 130 196 117 376 263 91 49 480 32 247 340 70 425 428 8 
17 106 55 170 382 452 85 219 352 177 128 348 448 236 56 399 478 45 
17 160 253 173 159 407 321 418 56 316 457 289 166 139 26 244 84 469 
1 320 
4 65 318 310 141 
8 48 212 55 171 84 489 354 429 
14 48 26 105 112 108 252 433 239 152 445 36 357 422 444 
6 108 463 378 480 225 469 
2 338 254 
6 475 269 341 139 187 427 
2 57 379 
24 96 419 251 173 214 116 284 233 14 280 474 392 58 341 238 335 225 234 491 235 319 422 323 336 
7 390 334 409 200 194 449 187 
11 497 101 131 262 458 4 264 39 391 197 99 
3 415 380 208 
19 349 298 273 40 24 186 154 287 44 8 60 133 490 498 86 396 34 81 141 
14 56 18 412 82 222 198 58 90 345 160 306 409 101 176 
29 397 280 78 41 381 167 132 463 426 232 113 220 376 68 399 268 81 56 218 392 168 462 312 31 420 160 243 183 93 
11 209 126 363 279 212 317 312 210 255 377 435 
1 62 
23 61 387 202 485 437 265 11 306 5 129 481 340 347 133 186 23 368 400 259 369 317 414 267 
14 223 170 144 413 220 129 410 98 459 349 11 221 254 489 
10 230 475 325 259 168 107 229 205 326 96 
11 417 205 92 342 478 259 391 38 58 436 213 
28 495 385 92 23 352 192 281 198 210 454 361 311 438 6 216 31 283 276 448 291 191 270 181 217 59 254 243 320 
22 402 196 46 386 408 0 110 340 246 489 313 347 48 255 285 346 410 230 4 411 436 3 
26 393 60 437 159 431 436 283 481 270 400 300 176 187 289 126 139 215 92 135 121 82 282 320 386 52 435 
22 415 432 215 325 342 158 363 299 206 169 218 379 35 162 186 211 455 112 253 448 203 181 
6 326 151 231 14 136 320 
5 148 15 294 304 132 
2 86 268 
25 162 26 84 253 479 158 383 103 98 127 111 123 46 64 209 314 343 149 134 429 439 201 192 235 19 
25 46 350 327 94 109 58 239 450 482 431 60 93 45 67 348 256 116 69 389 91 30 373 254 484 134 
19 72 84 330 436 199 18 56 347 279 250 418 28 335 68 174 204 392 99 5 
18 33 212 343 123 383 473 58 9 423 214 79 258 269 330 312 274 202 235 
5 450 496 106 350 313 
2 383 86 
2 472 439 
6 166 118 8 222 35 195 
2 74 314 
25 252 224 241 67 28 496 486 231 435 414 283 273 202 173 419 194 217 351 421 23 325 398 177 439 489 
12 481 249 79 427 189 136 251 232 478 363 178 489 
27 499 43 121 362 11 207 420 369 459 35 174 447 214 94 467 140 126 331 296 476 451 64 432 147 115 294 53 
6 362 198 235 108 132 246 
11 397 447 424 372 176 175 315 454 177 371 479 
7 38 471 105 256 434 194 293 
22 4 63 413 411 308 62 88 486 380 382 251 17 394 41 364 211 119 301 409 252 58 497 
10 321 180 60 162 233 29 466 360 422 32 
21 89 49 61 351 377 206 228 370 449 380 293 67 100 477 185 186 346 254 483 169 55 
21 107 370 160 153 128 465 298 435 247 132 322 417 78 316 422 497 101 485 39 431 468 
23 270 275 478 385 292 330 274 336 230 158 413 332 315 377 72 182 118 13 135 262 383 366 75 
26 241 425 409 324 402 240 117 96 145 487 230 37 449 305 415 397 14 401 347 225 396 428 98 484 412 124 
21 117 37 303 113 479 64 115 91 220 63 399 243 42 82 241 475 126 19 239 162 436 
25 269 421 388 304 20 407 40 289 291 382 475 77 498 285 169 429 66 178 292 347 279 10 81 340 384 
12 289 112 295 28 181 63 42 156 476 260 131 205 
16 483 341 183 136 71 93 102 103 255 435 289 459 31 439 121 400 
11 206 67 109 445 437 448 199 243 435 18 80 
2 334 270 
23 336 446 50 433 121 1 320 344 269 45 266 285 76 439 218 199 75 14 174 346 431 217 282 
20 149 243 261 208 392 100 430 426 177 34 181 215 217 11 252 400 338 140 375 282 
14 244 410 242 78 212 251 478 175 495 380 207 408 485 294 
11 414 154 84 304 151 148 333 417 408 468 34 
16 392 287 350 434 439 170 383 167 130 108 300 337 190 78 189 234 
15 68 353 12 315 455 28 227 310 323 316 87 163 131 189 480 
4 277 128 99 309 
10 484 73 492 213 319 219 495 322 111 436 
26 74 271 0 348 339 234 124 396 325 50 222 218 79 388 144 29 246 214 149 459 279 252 247 414 132 242 
21 191 456 216 157 356 397 80 253 475 353 439 107 329 14 153 292 485 110 366 152 176 
12 145 464 494 288 135 470 268 136 69 62 87 418 
6 242 319 108 441 31 181 
22 107 43 108 466 217 413 321 28 448 117 401 364 209 388 290 71 395 488 21 476 99 94 
4 28 328 355 104 
19 443 398 349 30 481 463 268 17 245 497 20 425 337 146 336 442 145 451 22 
8 398 287 216 359 389 37 413 397 
9 351 210 144 234 158 327 220 473 343 
3 205 474 479 
1 420 
4 381 41 290 251 
9 244 237 180 182 194 20 222 163 448 
18 283 94 305 386 317 300 343 240 404 310 479 395 213 484 197 205 460 462 
2 345 358 
1 128 
2 435 139 
2 260 151 
4 138 223 443 130 
20 284 480 68 238 201 19 454 250 203 481 193 23 172 124 400 270 218 112 5 93 
16 441 202 432 471 320 46 299 290 217 258 337 51 405 360 128 35 
1 269 
22 453 187 99 18 5 448 72 465 402 199 43 97 126 307 155 292 74 194 256 432 469 342 
25 149 240 177 169 374 496 373 313 309 201 355 304 158 275 425 318 57 370 417 378 418 314 66 209 465 
11 240 271 99 399 88 217 388 104 82 234 451 
4 76 412 497 305 
11 234 425 179 13 75 429 48 85 470 222 399 
5 97 226 221 37 435 
9 75 76 451 492 494 46 323 452 324 
4 433 101 369 81 
7 496 40 125 355 295 410 392 
18 300 264 75 311 55 271 445 256 183 491 426 196 172 69 70 84 418 287 
28 215 290 160 231 331 170 72 225 97 183 426 357 51 147 379 383 479 332 180 449 448 388 427 281 464 188 57 430 
17 231 430 230 292 179 299 211 199 175 169 372 173 166 192 84 53 180 
15 313 112 345 199 412 277 34 257 276 22 279 331 441 461 104 
18 2 66 247 261 29 466 228 238 46 184 243 162 356 380 231 97 119 294 
23 490 229 252 72 424 232 332 84 257 324 5 130 319 406 197 103 21 220 465 425 428 190 457 
12 273 298 318 384 379 276 74 458 285 360 192 402 
2 272 481 
7 208 403 35 311 356 16 392 
29 481 285 19 27 391 311 295 474 7 347 5 319 212 160 201 374 65 384 272 245 87 120 14 393 426 163 151 496 133 
19 55 59 482 288 123 34 239 147 243 263 324 219 419 172 462 378 80 390 178 
28 80 271 484 394 472 301 383 256 425 159 111 303 252 259 344 154 313 189 409 316 357 157 169 177 162 120 56 266 
6 391 121 112 273 351 145 
14 88 302 472 176 488 285 454 293 181 25 36 261 282 165 
4 317 75 270 139 
3 12 451 221 
11 259 322 402 197 98 152 279 17 349 475 298 
18 354 368 416 50 238 139 250 258 18 295 380 209 116 144 249 176 196 316 
19 207 228 379 149 18 122 91 51 61 396 213 437 188 428 92 230 488 220 154 
12 347 134 219 92 287 388 131 3 319 25 60 238 
25 210 439 482 41 226 14 267 234 324 419 421 235 425 330 296 470 200 287 230 145 177 133 2 148 152 
21 222 471 489 171 448 270 248 124 477 312 304 430 189 460 185 339 34 58 230 372 115 
8 105 84 400 311 280 468 488 245 
13 340 6 412 312 289 428 415 230 207 348 131 290 462 
10 382 286 488 250 118 190 452 177 182 119 
10 130 57 288 268 360 478 179 296 127 256 
17 10 74 300 15 182 52 405 47 215 351 264 214 355 250 193 70 382 
11 294 486 102 27 19 369 341 444 79 256 424 
28 355 117 195 479 281 7 154 239 293 433 290 364 95 274 43 496 413 440 108 469 245 153 54 217 45 369 418 493 
25 156 306 204 184 107 467 49 195 216 114 433 13 368 457 441 72 384 289 258 138 62 341 176 265 227 
5 88 17 95 146 287 
22 52 170 158 116 147 395 463 374 128 439 399 212 470 71 27 130 98 409 105 428 468 416 
18 257 254 222 361 69 97 243 289 101 72 229 83 43 425 162 33 168 481 
27 409 424 477 164 302 85 359 317 4 30 322 290 227 17 308 257 431 189 49 114 416 215 33 276 481 420 27 
2 266 2 
3 481 204 223 
27 486 415 390 435 348 402 38 145 314 427 492 306 70 447 263 274 31 127 182 494 401 432 210 346 251 325 421 
5 381 231 244 8 64 
24 116 120 95 442 302 172 213 300 395 449 389 388 483 229 157 234 128 11 338 463 201 471 259 242 
19 404 264 59 143 15 153 140 328 329 334 208 199 131 29 193 216 154 356 305 
26 345 279 130 247 437 327 399 87 430 7 440 424 400 274 143 227 372 175 216 267 402 477 160 59 46 53 
3 292 301 32 
1 19 
22 25 457 69 319 253 423 9 163 139 486 468 334 17 199 426 197 413 89 221 88 209 465 
24 381 414 491 331 470 398 419 120 23 41 466 78 27 286 272 482 156 406 259 70 424 309 42 370 
26 42 23 121 287 5 153 69 93 454 308 146 426 331 310 105 436 440 47 66 294 192 56 460 296 233 404 
3 330 300 382 
29 191 38 117 311 433 255 293 97 84 10 478 281 303 314 204 169 432 180 370 492 360 400 456 74 120 175 156 165 39 
5 44 78 196 143 94 
13 336 95 78 142 192 10 357 414 402 79 247 105 90 
2 145 379 
5 386 254 338 330 322 
2 172 52 
27 125 444 6 270 209 291 229 186 234 30 130 143 467 398 27 207 39 63 323 177 400 377 58 124 152 36 298 
21 16 481 249 179 305 377 217 273 399 164 130 391 341 427 330 278 300 3 412 18 436 
4 287 210 129 480 
29 200 193 116 366 356 143 180 344 298 483 416 270 376 406 254 88 0 68 109 115 67 245 337 18 498 233 441 336 146 
10 179 443 496 420 149 263 295 178 433 320 
29 258 344 473 401 286 261 465 250 309 51 276 203 195 388 240 119 313 333 277 392 140 7 105 160 304 3 50 61 451 
6 410 319 229 50 499 246 
26 276 86 242 226 30 138 301 180 241 446 453 243 295 36 189 402 201 269 479 376 441 281 326 428 11 348 
5 65 448 165 212 460 
18 101 482 141 347 390 469 250 93 127 180 349 431 189 320 375 341 462 139 
6 294 260 18 263 207 348 
19 289 485 157 336 243 186 263 486 344 346 326 404 484 498 487 33 155 3 475 
9 44 282 176 311 237 323 476 194 450 
22 239 483 280 437 351 154 99 188 348 38 117 4 118 269 168 294 196 479 54 363 163 166 
10 44 249 320 377 127 174 64 373 301 491 
4 96 106 367 126 
25 63 255 143 13 37 83 72 243 177 448 286 187 351 180 203 195 314 222 39 223 270 114 451 7 190 
22 91 489 164 169 409 283 474 255 32 464 195 351 152 289 434 48 423 308 487 473 280 225 
29 107 4 334 31 87 382 209 294 85 133 375 396 327 113 232 442 307 410 59 131 98 329 469 210 198 170 254 323 364 
6 27 196 52 292 273 240 
8 308 371 199 409 342 373 215 345 
4 129 329 158 330 
25 185 359 289 414 15 380 386 467 478 375 353 329 332 191 234 446 293 366 369 351 4 461 151 42 71 
2 298 169 
1 375 
11 398 275 243 233 20 11 1 151 283 487 267 
22 294 156 389 31 276 140 96 366 388 35 32 293 75 261 186 328 412 80 487 141 25 404 
9 140 279 219 159 66 484 495 457 471 
23 161 112 363 423 86 461 97 285 229 460 65 233 472 260 414 466 390 441 386 165 475 185 410 
2 412 361 
8 426 498 446 268 185 126 248 9 
1 57 
1 431 
2 128 368 
2 479 413 
8 496 467 177 451 424 379 441 52 
9 103 160 427 194 166 328 374 49 270 
16 339 164 149 116 280 380 101 197 102 427 47 139 260 8 5 417 
4 457 456 25 236 
19 226 372 279 134 122 276 325 419 194 310 27 142 41 86 328 399 109 139 473 
9 474 163 358 341 463 412 100 422 135 
4 470 222 435 180 
1 172 
26 279 398 30 255 239 355 256 133 431 213 435 82 337 354 356 266 498 488 171 416 151 497 291 427 366 492 
11 317 52 243 459 375 427 90 484 464 354 224 
28 449 155 43 9 115 47 203 257 429 236 286 220 166 433 461 273 398 70 343 60 119 7 165 219 258 202 463 37 
9 133 21 323 158 50 23 313 243 85 
25 404 5 258 75 285 177 198 410 280 171 120 114 54 487 64 264 154 299 426 57 375 328 195 170 425 
26 235 196 440 148 476 410 463 341 354 239 72 267 139 26 101 481 170 123 428 374 339 5 122 18 98 281 
15 467 119 106 398 419 10 468 323 284 317 59 395 240 249 81 
3 483 310 449 
5 118 463 216 419 226 
23 8 55 68 147 486 357 112 128 275 122 252 157 81 327 233 13 468 204 463 158 198 405 50 
6 306 270 258 269 164 147 
28 482 487 80 234 254 423 66 189 92 474 118 12 74 165 409 450 72 283 229 196 396 256 367 376 87 461 412 81 
18 403 305 130 456 277 98 339 314 164 387 231 469 89 411 296 152 146 210 
1 425 
27 107 38 41 491 495 445 130 216 364 175 255 346 437 142 146 47 197 468 414 12 287 408 361 419 433 480 402 
24 422 386 250 64 348 125 181 61 358 79 46 29 211 24 251 461 218 438 62 451 111 324 194 467 
12 246 211 167 83 125 346 352 194 86 479 11 307 
24 191 218 22 289 184 25 305 114 150 8 447 431 169 336 214 41 385 236 302 132 170 481 472 27 
18 431 153 232 245 152 145 208 302 450 65 438 249 214 416 437 442 335 330 
19 129 298 137 121 343 168 17 78 105 57 425 493 489 32 204 211 1 327 171 
5 15 239 244 430 203 
29 499 429 419 200 461 203 272 371 198 444 303 414 237 457 95 241 240 361 67 389 438 192 385 404 152 110 452 312 483 
15 455 348 243 135 338 38 318 498 494 449 245 465 67 115 356 
2 189 267 
20 189 433 214 495 99 13 11 473 392 391 317 462 458 96 313 104 46 412 342 173 
17 286 50 150 492 85 274 460 323 405 87 232 31 394 347 426 0 419 
16 334 67 238 194 443 397 350 258 311 487 440 76 25 439 460 138 
18 415 217 489 84 407 430 370 193 259 137 320 474 35 271 287 197 198 428 
16 196 367 229 477 153 34 230 472 25 157 203 499 439 246 296 272 
14 439 347 79 98 269 106 463 496 218 433 394 11 250 413 
2 1 360 
3 363 460 438 
12 191 99 363 122 427 336 484 349 64 59 305 113 
24 52 5 277 412 123 279 316 165 88 323 220 0 150 114 3 54 8 30 182 43 274 290 365 359 
8 423 442 131 107 259 362 209 195 
29 149 2 387 398 1 468 353 255 473 381 33 323 451 377 382 460 277 263 53 54 386 443 190 49 157 37 256 455 170 
19 396 493 121 224 74 177 43 442 2 259 331 273 425 208 337 351 180 437 88 
23 429 43 430 450 258 499 163 304 155 376 27 64 401 35 125 358 175 389 59 216 105 417 114 
7 120 341 38 468 213 231 276 
13 226 123 152 398 234 360 433 384 146 464 308 94 268 
2 348 203 
7 188 308 100 388 421 376 242 
17 409 7 64 416 15 171 93 118 153 45 44 261 332 371 163 249 430 
19 234 32 405 36 288 431 125 343 460 444 19 320 198 287 65 114 472 306 316 
21 231 459 139 478 3 47 330 301 99 345 103 303 427 120 173 414 298 209 160 194 260 
21 59 70 109 139 213 47 163 393 417 291 113 267 462 136 478 340 103 144 386 125 147 
10 328 15 427 220 435 470 472 78 392 105 
13 202 192 127 205 155 378 345 439 50 485 432 342 11 
28 466 248 389 493 196 313 304 399 350 14 47 148 413 488 408 369 267 359 208 383 30 457 217 407 4 243 22 301 
6 157 220 108 221 431 229 
20 271 75 17 312 183 272 3 283 471 131 321 51 138 295 93 201 310 258 37 241 
29 171 113 254 8 11 53 456 331 435 270 489 227 14 178 74 117 177 371 234 45 300 383 168 207 257 147 211 419 490 
18 414 334 312 150 327 369 305 362 47 383 253 255 498 284 103 190 180 9 
14 204 22 409 333 1 330 345 26 343 79 193 154 284 60 
2 444 237 
2 380 4 
4 0 130 269 275 
5 75 434 11 323 422 
5 223 58 403 479 259 
17 488 76 88 222 195 331 447 162 237 318 250 210 462 156 375 106 109 
29 43 271 63 322 254 30 185 355 101 274 67 279 157 221 376 183 428 120 71 431 26 100 186 79 144 313 363 111 166 
1 113 
2 415 75 
21 382 70 77 88 12 325 41 494 471 435 418 133 437 178 322 217 113 137 387 419 161 
2 306 14 
24 441 444 439 417 328 183 13 235 302 306 476 398 199 102 83 479 262 478 286 242 138 323 305 337 
29 229 153 75 445 409 238 430 357 118 10 365 165 369 74 170 240 146 23 106 30 298 470 273 36 441 96 189 129 399 
23 108 385 349 155 393 65 359 6 356 367 326 458 13 368 139 358 391 240 314 115 133 344 433 
15 67 462 222 229 107 498 392 350 137 86 182 485 422 335 466 
16 275 112 438 5 286 378 211 340 285 291 102 475 185 232 327 420 
6 216 160 229 40 329 285 
13 207 395 141 368 240 381 165 55 172 418 62 149 148 
5 273 399 177 369 196 
2 388 456 
23 199 328 243 0 301 496 392 330 239 157 87 457 16 425 385 81 365 41 403 53 300 459 39 
7 428 27 126 235 174 363 79 
14 415 195 393 256 156 447 394 339 282 54 232 327 404 326 
13 460 31 297 427 443 285 470 91 177 262 442 254 181 
8 432 376 109 282 364 234 105 135 
7 348 148 263 326 52 11 304 
17 396 494 59 52 196 286 95 37 314 70 112 468 4 170 120 31 218 
17 432 419 156 177 84 324 206 63 225 382 327 430 389 228 478 256 274 
17 312 377 285 255 219 225 332 427 239 393 3 155 197 483 477 274 396 
8 396 379 144 93 62 458 240 36 
26 482 287 83 316 160 394 133 135 131 349 85 161 299 406 382 221 425 246 337 105 339 259 391 344 396 277 
13 36 358 5 54 460 384 314 257 232 39 208 336 185 
4 166 461 302 230 
24 385 18 492 403 196 314 431 143 197 416 180 176 42 32 473 107 371 397 391 494 454 60 205 369 
448 79 92 297 24 318 150 153 7 0 210 396 224 120 34 228 193 316 310 163 416 73 146 14 352 133 47 370 125 461 49 102 187 104 8 290 197 331 53 488 191 406 384 336 67 477 263 190 490 487 417 173 265 281 452 20 152 491 174 233 31 391 303 201 45 470 291 485 252 26 238 465 33 175 161 223 159 111 97 50 183 380 166 212 232 353 107 69 278 227 403 335 248 169 346 18 474 66 250 366 74 48 154 138 439 241 202 285 179 147 23 199 51 460 455 359 299 302 29 72 221 459 267 430 255 400 362 392 377 408 288 341 466 137 235 27 315 483 317 196 254 61 277 311 412 364 155 219 356 329 373 401 211 286 116 387 247 478 77 319 135 421 322 91 438 414 105 424 237 3 451 342 13 1 119 236 100 188 332 308 307 276 192 397 170 206 43 213 321 195 292 194 10 434 498 497 39 304 440 184 220 284 256 357 78 58 198 327 149 309 151 114 85 56 257 407 139 115 418 340 106 253 320 65 55 36 225 338 427 379 251 390 101 208 349 82 167 209 62 186 144 475 205 495 110 60 325 136 148 268 162 46 436 343 496 383 472 118 314 283 249 499 132 447 471 63 180 89 422 270 117 37 388 112 71 445 334 446 261 244 333 337 68 99 484 271 216 464 242 217 28 398 287 351 479 420 41 182 395 345 128 435 260 443 218 432 269 453 374 399 76 234 226 492 433 40 300 215 372 313 2 229 458 272 35 295 324 394 121 454 75 12 402 354 207 347 296 124 84 428 382 127 405 369 355 176 17 158 83 164 266 481 486 64 95 264 279 301 19 25 381 42 330 293 94 142 145 386 52 6 16 480 200 178 344 410 86 165 469 294 289 282 280 44 96 143 473 87 240 371 129 467 298 375 243 156 140 423 361 426 57 431 368 413 177 103 339 457 134 358 222 172 30 90 9 21 404 476 81 449 463 122 258 80 411 425 437 181 246 22 245 168 239 429 348 189 214 323 350 489 367 98 360 363 305 5 442 468 493 450 38 123 203 376 409 32 231 59 15 378 389 157 131 171 312 204 444 4 130 11 259 88 185 113 415 70 306 441 365 108 462 275 160 141 273 456 328 126 393 262 109 326 494 419 274 93 482 54 230 385 
