500
1 427
22 155 151 441 490 6 201 13 281 341 248 128 219 291 272 392 471 93 485 134 3 301 185 
15 432 109 272 335 137 177 116 353 202 163 198 316 499 281 283 
15 359 458 318 489 20 160 167 113 97 25 480 251 162 276 325 
13 42 158 214 208 396 0 141 342 227 351 111 45 113 
6 425 60 56 485 27 288 
11 1 410 173 326 478 210 228 190 390 58 495 
14 110 44 473 439 248 478 336 169 295 227 141 235 497 108 
29 181 97 58 381 77 138 356 182 368 157 210 199 463 283 110 256 307 39 392 495 444 311 226 162 121 129 297 440 80 
9 318 276 186 424 309 253 209 193 303 
24 114 335 160 478 40 250 67 156 427 425 7 230 138 471 368 260 106 342 295 237 347 217 71 149 
4 66 486 125 197 
15 443 492 47 310 293 33 38 31 395 112 307 111 85 398 434 
19 328 207 408 280 44 388 323 123 179 371 416 273 444 445 155 313 426 414 78 
1 426 
8 202 381 32 55 116 98 257 263 
21 189 122 56 187 190 366 47 72 400 139 453 151 466 349 265 487 342 110 254 58 97 
7 134 354 244 384 182 497 333 
16 112 220 241 12 289 70 366 247 16 405 417 459 175 275 316 109 
2 130 162 
17 486 199 289 465 52 252 1 221 333 458 479 290 464 234 346 373 208 
5 56 499 284 410 240 
3 164 169 438 
25 297 137 119 325 100 393 83 271 116 296 288 268 479 474 98 162 361 311 205 332 378 372 259 138 204 
2 348 51 
2 475 238 
18 245 247 5 202 70 216 137 450 254 410 197 403 372 497 248 200 52 366 
9 327 357 172 141 106 382 213 451 192 
22 366 375 370 14 424 137 338 115 465 229 190 33 305 498 91 266 394 274 38 455 107 160 
1 3 
17 415 253 5 397 72 163 329 283 63 480 182 234 332 76 136 285 87 
11 121 236 221 353 428 352 479 218 439 193 60 
25 420 338 354 94 158 492 190 13 319 344 424 408 213 155 184 27 141 223 441 390 105 321 276 389 427 
16 388 421 283 474 211 445 42 171 145 173 125 14 296 21 201 2 
8 381 179 425 290 16 217 275 93 
8 445 68 7 29 390 134 116 436 
1 27 
5 476 288 166 213 372 
15 248 479 445 497 490 214 494 270 26 171 150 396 499 131 100 
17 465 134 477 225 324 495 377 360 12 196 25 436 300 30 317 422 145 
18 147 15 178 122 233 304 299 230 7 439 206 125 460 347 231 167 481 172 
1 476 
4 173 260 51 267 
8 256 296 157 498 257 321 58 360 
17 466 129 134 462 205 395 201 240 397 35 427 366 70 302 373 475 75 
5 50 357 328 407 316 
18 395 124 117 350 382 456 164 180 122 499 351 387 291 34 492 328 303 331 
11 171 300 217 95 143 0 406 307 278 36 10 
4 221 337 124 56 
25 67 203 474 215 287 137 69 200 409 63 34 444 371 6 41 185 186 40 308 245 167 141 250 422 201 
19 458 145 385 151 370 19 414 214 297 33 380 99 180 390 251 200 37 193 499 
29 183 309 352 0 108 94 372 331 142 105 234 128 221 275 476 55 47 284 271 257 461 29 61 379 472 162 192 242 229 
6 349 429 208 398 127 270 
3 179 476 494 
27 400 302 421 194 282 379 416 313 72 394 224 19 363 62 76 13 288 411 255 28 29 20 105 317 137 81 443 
25 379 371 306 317 70 82 401 172 162 92 237 382 98 436 148 17 276 406 478 212 141 123 90 372 262 
21 428 487 304 226 251 235 337 72 431 310 253 194 420 278 377 372 161 423 63 57 339 
7 496 308 244 340 126 344 117 
14 248 264 168 35 443 177 454 300 77 435 103 224 447 265 
13 15 163 300 193 177 135 100 41 391 374 434 58 466 
4 65 233 205 200 
2 415 11 
12 189 275 231 312 106 186 81 229 89 24 196 422 
20 142 40 348 498 190 473 42 141 435 376 140 46 209 425 352 69 146 62 161 117 
23 419 326 467 210 268 175 169 152 205 372 260 412 178 363 47 110 32 337 320 427 84 114 96 
20 344 195 39 140 144 340 210 65 192 57 442 367 183 330 478 0 107 328 357 91 
12 404 417 124 31 475 168 57 323 193 233 82 278 
2 305 64 
15 71 50 238 424 207 2 383 304 92 368 325 17 21 268 229 
20 378 127 448 176 119 48 65 256 110 450 120 165 121 172 403 149 317 43 443 103 
26 122 241 487 348 103 143 338 189 495 140 129 355 426 126 252 179 340 398 135 373 87 372 376 499 409 479 
18 335 411 173 198 225 4 73 445 388 52 353 57 29 107 426 201 379 450 
11 343 428 104 463 24 126 69 58 90 346 462 
19 74 212 388 42 135 215 71 100 186 198 472 372 22 246 494 270 460 138 76 
20 73 123 112 172 3 472 235 141 395 31 11 453 489 380 337 42 157 345 215 385 
14 388 201 205 411 172 171 223 166 442 484 311 458 22 315 
23 151 462 408 431 144 339 23 303 437 251 477 299 195 470 257 345 20 473 210 72 214 185 265 
1 30 
15 203 452 149 175 282 443 295 19 263 457 40 91 140 26 250 
3 64 161 313 
3 151 4 338 
1 401 
10 371 417 297 183 388 189 443 63 217 126 
14 54 380 272 23 39 240 95 42 439 293 61 69 6 394 
10 200 479 51 149 214 70 390 225 351 40 
7 195 135 309 270 77 476 447 
19 79 271 360 119 5 462 225 293 213 281 231 399 13 467 298 82 69 383 327 
10 315 436 379 377 168 409 466 21 273 183 
24 338 197 336 393 96 193 284 21 313 140 154 471 425 319 159 253 391 102 288 26 190 64 405 0 
15 308 149 204 272 66 468 306 212 283 413 443 407 182 498 415 
25 360 111 193 477 32 358 41 435 468 62 302 444 58 451 213 107 498 44 290 386 109 60 318 354 166 
1 35 
12 387 287 29 214 130 207 69 279 57 416 448 430 
11 359 150 372 194 80 253 248 499 325 328 49 
23 379 225 268 445 411 67 454 449 234 283 135 485 47 374 214 332 147 192 120 274 336 414 107 
1 136 
26 122 281 219 432 291 365 457 262 98 202 201 350 389 483 315 224 499 139 272 176 189 458 491 311 489 487 
15 416 428 478 274 40 363 185 97 120 167 119 382 129 344 230 
19 372 80 140 187 247 448 202 153 136 319 267 5 268 320 305 429 157 6 408 
22 440 454 484 134 117 149 409 95 218 471 224 374 193 387 229 424 261 492 250 499 302 27 
10 236 320 222 480 196 144 57 495 184 96 
12 467 19 406 462 73 21 152 99 372 414 5 164 
6 403 41 485 143 264 402 
20 57 70 475 290 78 26 131 328 169 241 256 34 297 88 345 348 213 379 378 410 
2 370 322 
12 145 242 342 321 420 38 78 138 162 22 421 296 
21 88 305 68 179 162 45 261 89 241 244 136 99 289 472 402 255 375 297 496 360 459 
10 115 111 453 258 135 155 340 328 213 305 
24 465 359 213 150 286 329 44 383 290 469 90 19 493 185 283 188 361 254 462 20 464 12 470 388 
3 239 499 277 
4 197 265 266 390 
10 374 84 21 215 491 41 396 57 275 415 
18 109 222 159 394 474 330 302 133 121 96 336 129 325 178 331 422 493 175 
1 363 
17 375 191 287 356 99 408 302 398 298 147 406 156 236 222 45 109 152 
1 169 
2 118 87 
14 76 232 233 225 3 1 339 23 155 116 207 301 24 453 
5 8 228 497 183 272 
9 187 91 200 291 479 410 461 378 435 
12 121 85 4 328 380 489 396 6 258 248 166 104 
26 4 386 410 116 387 484 243 151 245 144 281 173 67 391 406 247 326 93 244 465 472 278 404 293 226 435 
27 55 372 200 275 411 57 90 7 260 126 454 79 91 319 263 317 254 271 14 134 230 270 423 280 440 301 51 
28 196 118 435 234 335 181 115 241 22 206 279 146 322 63 339 1 308 59 186 499 484 479 411 51 188 168 119 225 
2 150 133 
8 226 266 221 271 281 335 245 24 
14 320 297 88 485 57 9 25 45 295 89 353 32 195 12 
21 381 423 448 182 476 360 13 330 205 236 32 268 486 180 244 52 334 294 372 460 174 
8 306 148 66 178 391 69 230 352 
12 233 101 283 475 393 307 305 193 426 404 23 464 
27 345 97 496 402 254 201 12 343 434 387 216 101 63 460 297 80 268 338 241 388 419 446 482 335 141 368 468 
16 357 146 12 496 387 446 170 271 326 127 86 467 429 150 54 84 
16 47 379 222 228 403 136 69 457 56 14 16 109 59 250 336 186 
2 209 171 
25 149 43 253 215 312 256 404 486 48 400 237 87 158 382 358 133 93 247 248 276 198 22 7 112 375 
19 427 154 72 383 197 292 313 422 41 369 260 279 174 146 220 140 156 272 283 
27 150 204 319 208 49 494 499 219 158 298 313 451 347 342 302 194 427 258 86 337 185 449 55 87 34 41 461 
6 163 294 155 466 344 136 
27 36 464 96 324 74 378 343 390 204 352 208 253 424 142 453 28 331 81 19 129 338 247 229 258 232 430 78 
29 276 141 463 343 68 40 480 402 458 490 32 350 414 395 174 382 83 429 47 370 77 117 216 242 427 297 225 194 81 
24 312 360 221 345 378 94 156 210 444 50 304 76 351 478 471 483 422 114 110 476 195 326 244 175 
1 295 
22 196 453 19 65 159 449 236 98 489 397 50 318 299 55 59 324 181 340 354 153 390 305 
12 38 46 103 70 445 254 16 373 490 256 388 130 
7 435 45 182 147 193 362 134 
21 114 233 399 0 493 310 53 359 105 219 333 350 254 383 420 346 428 328 177 121 284 
29 485 120 79 462 212 208 414 186 470 237 136 89 292 184 224 394 130 328 291 26 74 82 128 277 405 429 67 97 445 
14 184 458 311 280 396 476 288 141 428 64 243 112 299 61 
14 284 121 125 110 221 109 366 233 499 251 342 410 352 258 
21 372 359 50 367 47 395 326 183 462 446 29 450 408 178 454 311 72 148 105 465 381 
14 222 407 399 190 277 100 144 38 172 194 52 207 338 310 
2 10 144 
27 425 6 117 104 101 355 398 195 177 489 131 417 160 277 346 471 252 326 183 356 111 247 190 239 369 419 461 
2 132 102 
13 138 80 192 244 135 8 385 48 465 88 190 5 386 
13 406 94 20 216 250 324 14 48 160 7 99 97 152 
10 166 408 426 450 207 267 117 443 280 227 
20 494 71 376 7 36 160 87 228 79 493 124 410 223 265 303 178 217 248 276 130 
9 356 353 243 217 144 251 435 325 379 
25 103 472 139 412 249 488 380 336 398 285 15 33 141 304 368 23 476 140 346 381 389 406 213 69 290 
22 122 394 459 448 275 356 30 415 119 332 19 268 179 216 58 347 209 63 203 198 258 220 
21 387 234 218 198 18 187 469 195 381 436 393 134 135 421 466 238 108 413 159 118 446 
17 145 387 359 139 192 283 243 16 450 259 397 51 488 225 403 187 378 
2 474 138 
23 125 68 93 256 257 332 368 354 202 156 387 106 276 498 210 175 306 321 35 269 344 388 313 
17 225 151 372 152 160 140 278 304 471 459 301 231 26 288 484 179 320 
12 388 17 264 339 470 466 238 469 9 486 134 179 
14 148 316 229 341 130 411 93 45 291 211 20 361 134 106 
6 90 13 450 204 389 156 
16 269 294 300 99 200 102 205 101 3 133 136 63 93 480 418 175 
26 166 242 426 132 460 320 373 335 496 240 325 274 22 310 81 53 205 448 428 112 412 16 98 178 495 100 
21 165 15 113 186 172 30 191 50 357 333 115 52 180 320 51 280 63 122 175 185 251 
22 235 299 384 401 405 190 60 493 188 440 296 91 400 202 27 436 389 241 445 315 81 465 
20 119 42 83 285 174 339 363 147 23 60 55 151 145 321 221 496 429 401 160 71 
15 285 180 53 486 173 44 235 332 211 152 32 33 349 450 72 
18 215 134 189 49 34 213 480 196 302 94 0 392 46 494 131 17 25 344 
21 270 134 484 419 89 99 142 393 137 65 79 431 211 151 248 392 457 33 221 209 161 
14 406 354 101 306 341 336 435 240 415 36 313 363 426 358 
2 58 293 
14 404 215 212 109 58 67 152 209 49 96 362 114 55 146 
9 447 217 38 274 55 439 243 61 270 
16 170 460 497 146 410 208 242 194 101 467 399 209 147 135 395 253 
27 305 92 42 295 57 254 360 246 8 194 17 451 390 109 391 196 216 202 95 299 113 335 29 348 103 148 18 
1 85 
8 473 106 444 282 424 172 208 264 
7 99 91 31 227 414 465 9 
23 243 30 446 255 76 485 54 437 103 486 383 84 230 172 92 489 295 95 375 415 290 352 456 
11 318 416 473 378 362 281 124 412 274 301 199 
24 335 60 244 289 272 249 424 396 18 449 239 34 264 67 308 59 450 80 389 323 273 236 284 339 
15 294 143 253 443 423 183 218 47 389 333 50 490 262 56 29 
13 90 95 264 140 320 127 168 268 489 53 171 445 55 
20 482 454 253 191 2 166 436 220 89 188 401 302 53 448 6 337 349 422 347 432 
28 233 223 198 293 294 489 373 317 404 277 173 17 178 343 30 353 100 258 66 54 190 459 1 408 435 287 200 436 
8 123 104 181 392 251 457 299 475 
17 4 154 46 355 366 73 228 57 485 265 244 134 88 443 331 368 293 
23 347 190 444 473 397 9 154 99 399 264 256 237 491 267 395 303 272 276 224 414 131 274 438 
10 272 355 429 394 367 142 108 348 248 14 
9 455 425 380 259 461 442 145 50 412 
8 450 195 147 156 235 114 244 238 
22 241 142 239 76 152 147 446 449 182 130 118 285 368 438 442 408 96 328 314 409 277 120 
9 261 12 353 246 407 428 77 197 95 
3 75 279 18 
22 336 480 79 324 207 479 199 247 177 245 57 428 100 275 103 239 427 388 98 162 219 189 
13 355 56 408 490 212 289 299 14 74 193 171 67 166 
14 419 42 365 66 283 354 490 159 209 188 186 12 119 9 
10 247 108 290 81 93 407 356 217 255 164 
19 49 323 45 319 167 421 133 201 316 424 362 100 14 248 84 347 213 89 196 
17 259 214 152 161 138 197 473 100 450 428 390 485 176 366 12 397 331 
17 47 190 87 183 89 479 289 415 493 38 428 305 13 108 142 141 3 
16 281 119 458 134 285 445 302 170 443 499 193 149 325 78 114 67 
15 354 118 393 473 62 317 497 97 443 150 475 444 423 122 11 
21 417 475 284 492 137 113 426 373 310 86 254 181 88 451 135 93 30 467 247 48 197 
4 83 31 387 340 
11 431 284 498 311 182 172 62 232 238 193 318 
2 426 392 
14 473 99 402 499 262 93 98 396 447 65 434 52 477 240 
27 357 30 219 111 497 152 237 326 336 1 290 221 184 86 155 470 421 138 403 474 385 113 43 76 202 128 31 
25 404 426 9 478 338 284 417 3 26 370 415 209 121 499 245 244 466 187 274 66 136 34 376 273 150 
29 164 499 451 48 266 41 141 85 43 168 494 178 376 184 463 277 479 252 409 235 190 405 313 308 481 139 442 70 146 
17 433 105 205 497 229 453 0 446 486 325 61 319 401 253 431 396 349 
10 158 420 457 487 306 419 148 72 418 136 
28 226 428 299 319 254 285 329 392 341 180 42 374 333 28 399 219 223 134 288 213 300 202 330 308 230 98 347 250 
4 193 258 26 487 
27 413 415 101 135 151 441 390 452 109 182 187 466 164 190 277 40 493 339 460 185 450 329 445 21 35 464 360 
21 386 191 135 210 175 434 341 202 70 27 404 240 401 50 395 176 460 122 144 222 43 
13 143 53 31 107 385 384 111 92 194 96 271 366 232 
26 186 107 217 354 65 146 193 438 459 408 147 282 143 361 347 325 170 206 330 81 101 462 339 449 322 153 
4 235 213 463 180 
17 417 181 361 289 211 222 253 147 349 343 142 19 71 403 411 315 357 
2 123 493 
8 217 61 279 450 261 291 171 24 
2 275 49 
1 416 
2 423 306 
16 344 26 260 202 145 485 177 203 52 439 119 499 375 74 498 377 
14 490 479 333 93 403 262 171 425 384 312 446 218 27 72 
16 359 158 255 154 394 162 492 376 424 480 293 214 78 440 165 92 
23 429 388 274 417 331 109 247 124 105 52 309 323 334 443 491 61 493 142 291 98 72 121 273 
27 338 278 166 62 228 388 207 69 29 16 112 409 23 74 256 376 86 408 275 118 231 479 350 97 432 7 304 
2 210 474 
13 78 225 387 360 378 132 470 281 336 175 416 371 26 
15 9 494 180 443 264 496 447 380 60 75 78 489 480 316 400 
28 151 484 396 239 438 349 296 17 102 106 72 140 99 0 107 449 418 110 65 442 263 121 98 267 75 238 7 197 
4 87 410 469 186 
29 108 495 102 409 133 77 19 186 178 183 143 394 181 132 416 213 429 426 190 16 393 418 366 279 29 144 474 410 9 
22 485 280 319 438 484 212 406 80 403 218 189 85 79 295 233 125 195 247 386 197 473 74 
19 250 57 234 187 64 328 45 483 46 13 127 185 89 35 416 444 289 141 97 
17 66 409 241 141 207 100 374 145 415 168 297 162 60 306 85 163 459 
16 145 497 396 42 193 7 127 349 303 481 331 184 484 287 6 132 
28 311 352 292 148 177 149 491 58 8 165 140 449 24 174 337 384 486 249 175 95 214 380 498 368 200 299 146 69 
24 29 464 450 448 255 158 127 147 160 466 57 89 206 97 67 148 117 420 489 11 154 440 313 129 
21 26 2 14 351 83 367 416 294 134 297 350 1 91 478 387 365 423 316 216 11 230 
14 343 321 309 43 231 462 192 306 17 37 205 263 30 135 
4 308 350 186 479 
17 315 411 449 188 161 379 440 357 192 289 43 310 311 170 349 377 144 
3 412 28 494 
10 139 9 346 479 128 40 182 412 276 112 
19 191 430 70 268 101 19 359 398 385 28 114 80 310 369 381 468 181 319 281 
11 268 77 486 30 258 60 377 155 348 349 254 
1 38 
20 187 157 255 120 74 320 245 195 46 441 291 347 328 254 354 23 136 298 332 131 
14 155 294 66 161 345 415 61 265 163 452 80 271 156 55 
15 156 185 33 84 140 253 294 340 472 377 394 270 171 328 147 
15 461 34 109 364 250 267 30 223 296 227 210 107 21 412 337 
5 84 273 393 274 68 
10 41 316 498 209 20 212 0 220 112 36 
19 164 72 486 273 211 246 343 238 45 163 330 92 297 133 25 313 304 12 154 
2 426 493 
2 326 488 
16 252 88 151 483 414 98 281 56 9 362 355 94 323 195 451 224 
24 29 8 281 198 216 178 454 220 90 127 468 481 35 59 95 163 238 229 176 232 477 374 160 294 
3 434 456 132 
14 418 59 44 281 410 415 387 231 306 150 285 389 325 243 
2 311 410 
9 456 335 245 67 126 196 183 248 243 
6 388 211 291 321 285 117 
24 112 335 100 347 220 124 252 437 454 320 222 495 352 18 398 279 147 189 461 238 328 24 339 111 
23 275 69 2 473 474 162 369 314 255 284 309 477 311 265 304 362 150 92 292 398 328 138 468 
24 227 270 57 50 189 39 393 430 465 154 374 244 209 386 90 107 18 54 80 379 205 413 421 437 
12 294 313 480 326 138 434 382 167 62 321 223 311 
16 29 277 378 480 266 106 470 330 112 248 485 198 459 457 318 355 
7 387 264 2 229 239 125 1 
21 99 251 390 274 272 297 401 137 353 345 310 426 157 111 136 119 85 25 148 130 452 
25 113 259 279 257 75 99 102 385 54 370 301 139 80 65 423 208 87 179 456 313 390 319 416 421 384 
6 379 314 151 91 114 326 
25 11 119 158 163 178 288 340 392 267 430 81 486 136 332 134 75 356 61 224 13 64 364 358 220 372 
20 181 219 159 335 447 493 188 407 168 23 88 39 218 310 0 174 67 136 129 397 
23 408 132 198 181 338 367 401 354 449 418 381 92 344 313 122 200 239 249 143 225 199 361 305 
13 90 373 27 188 468 459 180 317 413 178 64 411 239 
19 214 282 202 297 263 80 95 445 193 151 63 241 138 259 184 189 417 207 67 
29 209 198 261 257 31 155 298 152 64 280 252 468 273 413 497 143 400 313 146 34 226 438 354 430 102 416 173 436 325 
25 450 246 498 174 251 32 370 366 475 274 79 303 224 407 422 262 233 147 13 112 392 378 456 268 136 
27 337 394 265 187 222 13 308 151 219 128 243 338 254 86 490 460 257 57 319 131 137 180 336 305 97 266 236 
25 409 290 439 339 159 67 238 312 175 457 225 341 278 49 444 161 450 130 71 34 347 367 333 59 207 
22 173 171 450 384 453 46 350 270 95 330 42 380 366 131 280 159 43 374 207 386 326 276 
11 339 133 83 72 455 243 119 370 318 321 7 
28 106 351 447 115 130 122 63 164 300 121 186 357 48 279 220 211 495 166 64 434 467 52 232 287 8 127 322 323 
2 416 153 
4 425 332 298 169 
2 485 218 
12 460 324 262 182 370 363 196 260 438 387 49 464 
13 397 307 293 192 434 45 247 473 175 211 268 308 253 
24 288 172 32 351 348 126 100 317 428 199 24 350 499 486 48 292 272 337 58 37 149 445 322 480 
1 304 
19 349 247 184 243 267 295 294 196 487 366 197 334 392 481 326 399 193 123 2 
22 486 439 302 337 246 50 5 64 475 287 111 203 188 1 353 179 216 385 130 103 442 354 
2 451 211 
20 475 410 335 96 196 422 488 3 270 136 208 30 407 132 358 268 499 241 392 285 
13 227 469 451 351 349 243 380 279 456 88 382 100 338 
7 168 23 233 394 159 367 476 
4 389 85 63 370 
2 457 169 
22 450 8 436 316 360 278 463 368 218 240 388 154 365 102 173 356 384 93 159 13 369 123 
11 415 98 490 50 161 28 268 444 181 419 149 
9 113 336 172 251 451 26 348 245 411 
9 366 267 178 307 333 53 229 91 284 
5 80 169 380 41 175 
5 188 344 366 333 383 
14 91 79 118 323 38 36 48 104 100 358 331 462 69 105 
20 371 227 200 154 438 368 284 2 45 449 178 296 306 129 459 327 40 286 213 381 
14 396 181 386 91 66 494 126 281 370 215 481 463 122 485 
26 430 48 187 298 463 229 59 244 484 456 254 40 15 148 485 138 425 321 421 336 256 134 413 481 5 105 
27 150 406 472 57 390 238 164 436 47 234 495 119 64 83 29 329 458 473 384 55 179 41 404 308 386 446 143 
21 242 371 189 374 469 43 471 186 229 17 499 255 4 218 404 295 157 14 457 83 75 
15 206 345 305 364 419 367 358 5 359 373 126 179 257 393 372 
8 300 295 409 196 103 46 303 27 
24 50 476 276 458 57 224 288 496 312 401 128 327 14 94 188 289 370 140 52 293 227 159 326 116 
3 51 483 135 
12 451 234 210 35 322 436 152 274 44 183 270 256 
27 251 378 375 201 74 402 475 313 46 392 88 171 71 107 205 125 28 346 39 326 411 242 286 279 174 183 167 
14 300 42 259 338 286 270 39 233 333 371 301 275 357 329 
26 27 70 324 273 437 494 440 380 224 61 478 297 138 136 106 123 338 190 170 85 375 396 321 467 350 57 
16 214 242 336 444 354 125 269 290 355 65 107 447 48 185 322 374 
25 261 171 351 402 454 258 473 480 5 341 133 437 14 391 420 237 72 316 17 128 65 364 275 280 408 
19 9 199 277 162 454 431 163 85 182 290 152 274 14 355 139 335 15 231 302 
19 358 476 49 269 51 27 445 483 272 36 20 171 486 44 229 88 144 484 277 
18 309 463 168 354 163 233 156 16 161 389 87 245 495 307 131 230 308 391 
3 446 383 445 
17 179 196 242 185 479 411 141 139 471 254 316 51 137 473 200 385 382 
13 278 66 236 193 26 90 71 155 479 321 4 470 351 
2 114 49 
15 181 448 111 355 316 121 201 369 279 154 57 364 457 176 109 
3 383 36 354 
22 461 451 263 372 173 134 80 324 6 445 433 157 163 195 71 123 65 139 344 115 352 323 
15 125 281 152 343 452 265 139 190 418 481 30 467 242 316 360 
19 403 297 176 67 274 118 136 106 58 65 333 413 236 195 454 315 19 325 150 
11 341 364 471 249 489 242 499 285 261 359 325 
12 127 445 448 18 383 408 53 462 163 68 484 398 
24 316 59 339 173 331 28 364 434 182 198 129 490 0 8 111 327 440 261 284 447 489 394 381 291 
12 102 105 50 282 262 159 270 360 175 347 257 352 
12 344 52 398 376 165 319 311 276 466 302 336 328 
16 496 140 417 346 178 142 171 380 409 136 130 9 410 237 473 349 
2 369 318 
4 246 48 496 323 
20 6 88 261 113 453 67 54 476 329 192 359 473 498 43 100 196 440 413 260 210 
1 263 
25 267 54 472 440 168 220 342 497 237 57 272 448 386 245 242 97 483 344 355 125 461 372 382 135 336 
15 374 281 318 393 27 412 314 161 247 264 256 388 177 189 286 
26 302 24 324 273 436 122 251 62 308 28 169 459 174 246 183 226 478 166 245 141 442 280 322 87 362 177 
16 165 298 216 55 247 206 205 20 491 364 33 96 228 19 211 310 
4 52 124 180 176 
2 135 12 
20 373 81 37 62 344 146 302 235 168 49 455 272 427 198 257 460 333 301 390 93 
19 24 140 281 90 445 57 108 483 165 316 230 35 341 379 86 371 121 189 264 
7 277 81 416 437 436 292 197 
27 50 391 9 204 128 198 440 182 257 44 337 436 277 156 492 445 127 334 356 297 351 164 116 64 167 105 100 
5 358 228 301 393 483 
18 193 246 158 307 334 66 420 450 309 294 464 348 212 284 183 156 374 392 
20 123 471 481 48 6 441 238 486 252 86 171 287 270 148 497 125 435 118 174 318 
26 69 433 407 340 409 495 300 302 72 191 173 189 96 471 247 89 245 357 422 384 161 309 155 442 24 264 
13 183 308 70 466 187 457 59 313 227 98 142 339 208 
26 258 302 395 350 270 176 363 230 338 353 380 90 108 306 6 318 341 113 210 366 94 401 125 120 213 18 
1 423 
17 461 333 15 376 96 348 183 3 191 382 36 342 415 162 498 390 496 
18 384 121 344 494 426 361 125 498 256 55 257 21 312 393 325 128 127 476 
22 282 298 130 68 264 445 196 139 442 286 52 42 3 27 140 70 409 188 83 257 307 367 
11 222 270 290 9 299 459 38 260 255 223 83 
10 295 198 23 237 466 121 368 447 139 288 
2 451 305 
10 82 398 476 475 181 147 253 104 287 492 
19 170 49 489 355 496 451 88 463 217 159 10 304 341 224 480 498 47 142 244 
13 321 370 341 127 332 95 282 24 256 383 427 65 356 
8 453 271 445 240 417 38 127 404 
25 480 61 354 250 105 97 442 74 418 103 84 91 161 107 69 455 460 47 296 489 399 314 260 414 331 
8 365 34 227 51 341 73 129 387 
3 43 306 341 
11 451 457 125 166 163 147 324 430 340 378 303 
8 27 490 156 474 247 304 101 308 
25 29 95 5 254 361 223 214 215 356 459 13 116 317 389 342 55 67 447 422 470 36 111 104 247 169 
14 379 411 161 229 76 365 12 126 52 393 488 434 480 247 
7 466 67 189 450 456 75 369 
3 192 206 86 
24 450 27 410 405 353 430 102 129 443 187 228 277 373 18 334 399 345 89 151 145 179 76 259 392 
7 114 97 58 346 399 56 496 
1 406 
23 295 427 327 387 396 97 456 455 200 244 167 440 457 467 44 445 421 399 314 259 386 297 320 
28 151 330 153 488 208 95 220 51 43 101 458 1 163 80 354 310 99 6 71 282 68 264 52 13 122 379 490 189 
6 430 204 81 241 64 10 
16 53 172 325 391 283 101 193 6 338 62 222 1 480 350 184 392 
22 164 100 87 495 392 197 395 337 473 182 107 319 12 331 126 365 270 118 486 254 188 25 
15 91 184 459 33 227 41 290 267 263 392 409 10 25 48 315 
26 35 361 56 490 49 195 121 489 459 413 197 61 364 418 312 373 437 168 144 154 115 112 68 366 455 30 
21 290 89 468 101 270 145 286 362 195 430 347 367 304 124 471 282 200 57 250 295 27 
27 429 454 493 287 279 198 262 498 329 397 431 427 453 207 490 122 359 452 294 250 228 226 425 353 459 216 357 
22 205 223 489 427 197 493 20 291 244 187 438 240 287 439 410 158 275 457 296 182 429 142 
1 8 
14 269 127 256 214 124 186 24 296 97 472 219 374 321 191 
25 12 499 466 62 106 57 345 440 216 71 428 465 87 358 0 315 362 123 202 452 409 274 2 411 166 
17 312 283 338 58 428 304 92 116 201 498 293 382 387 383 43 272 419 
18 121 25 94 257 306 283 109 285 61 100 405 182 28 278 246 38 185 381 
22 237 408 424 349 187 111 457 5 182 362 84 495 371 326 468 240 234 293 128 403 297 339 
16 455 498 107 1 300 478 267 49 114 166 278 354 236 243 164 205 
2 438 478 
21 0 171 453 121 424 230 476 366 38 209 198 155 329 215 477 335 49 79 133 191 303 
5 248 78 326 295 219 
21 150 333 239 466 261 404 170 433 92 206 361 33 212 128 229 266 38 18 469 176 22 
8 76 5 464 313 283 184 251 160 
25 188 176 271 139 74 150 467 281 325 365 425 427 207 288 331 180 179 75 465 58 462 400 469 343 35 
13 169 230 495 399 347 77 335 18 164 3 189 186 134 
21 12 171 163 164 15 284 204 449 418 282 78 268 462 77 322 223 409 312 16 398 439 
17 193 50 395 463 216 167 379 453 388 108 483 148 420 249 472 75 31 
2 388 49 
15 12 222 204 315 492 30 403 209 277 402 67 110 473 2 153 
22 223 310 380 184 12 452 358 367 182 386 431 491 127 26 479 15 438 354 174 42 178 221 
29 263 105 482 42 107 388 116 261 143 397 444 29 104 316 40 215 454 37 307 247 326 323 304 49 398 368 498 306 175 
16 281 167 408 34 332 291 197 279 416 485 407 98 110 133 354 436 
25 94 166 288 269 436 170 454 207 48 184 277 156 221 482 358 432 67 276 438 346 159 339 26 196 359 
11 247 116 273 211 254 102 341 311 39 28 388 
23 316 399 99 213 179 476 81 232 97 265 119 197 14 123 25 59 168 309 42 12 244 106 77 
9 426 367 179 448 364 302 463 46 189 
1 146 
8 330 263 323 251 411 10 75 346 
15 144 348 9 283 1 322 474 278 321 305 133 273 318 140 43 
16 365 233 277 306 455 59 256 129 479 313 454 239 254 473 5 9 
2 346 72 
1 128 
27 139 311 426 349 184 487 382 117 209 474 188 40 403 42 39 173 141 70 99 427 154 134 123 434 132 246 69 
9 43 446 149 371 375 139 128 401 296 
26 89 458 350 34 162 298 427 32 22 45 309 125 66 259 53 330 184 278 439 375 421 351 243 176 212 389 
24 90 175 237 14 279 220 85 469 304 13 94 238 93 283 251 191 108 260 192 406 27 172 474 459 
26 434 162 287 316 13 131 118 200 142 134 349 14 48 444 9 126 392 101 79 110 11 18 257 261 152 395 
15 392 284 191 13 429 244 99 247 318 468 76 175 467 111 44 
21 150 57 136 431 74 2 469 143 491 235 211 299 334 308 493 142 160 45 157 270 23 
26 387 426 313 134 312 302 25 125 160 40 38 242 262 272 203 386 250 103 94 280 456 204 121 288 205 463 
16 453 396 169 314 374 90 450 446 95 293 284 426 16 178 237 259 
26 461 383 483 181 412 14 413 6 312 287 41 328 224 291 400 317 380 30 13 161 309 408 9 420 214 446 
10 239 156 422 375 175 126 278 48 346 417 
1 417 
29 474 452 230 2 154 81 324 326 39 158 293 129 60 355 309 267 402 59 140 332 428 165 164 481 128 408 33 471 386 
18 196 9 335 58 92 225 416 341 468 132 181 46 169 439 369 191 412 327 
6 331 285 342 325 215 55 
3 49 155 468 
20 165 419 314 383 305 329 277 312 318 290 4 291 436 42 151 205 25 152 298 219 
20 276 222 240 405 348 105 364 417 12 152 286 236 102 299 438 318 61 458 148 354 
10 88 425 247 37 275 175 188 410 138 374 
5 420 263 284 49 321 
25 470 84 73 409 106 476 139 472 132 4 362 35 76 174 285 13 172 176 11 36 165 166 245 493 246 
14 230 89 138 199 177 498 375 480 115 211 82 323 221 382 
6 214 226 58 52 485 153 
29 337 230 395 243 402 378 145 432 281 222 315 430 284 279 115 262 83 339 157 318 217 421 121 57 486 314 435 225 216 
2 418 331 
24 108 69 317 110 432 68 337 267 4 118 266 497 340 498 259 272 265 129 410 400 157 336 386 122 
3 385 108 324 
16 68 410 382 482 319 269 480 498 470 140 289 266 337 321 226 58 
15 116 498 52 462 187 327 274 443 161 80 29 11 160 237 318 
16 35 403 98 140 411 345 182 432 376 68 284 191 174 37 180 280 
20 119 205 247 269 380 80 277 201 354 484 35 278 375 421 369 457 360 463 194 131 
11 38 18 410 186 305 370 264 323 494 249 432 
26 74 66 305 316 77 390 20 267 243 417 13 395 358 392 472 377 487 118 459 491 16 441 198 236 297 457 
12 307 136 124 27 383 302 142 468 426 139 281 49 
10 229 466 37 89 190 287 498 441 196 4 
9 324 8 176 248 498 331 465 249 153 
21 235 1 92 494 222 480 335 270 237 328 390 408 476 334 89 226 77 32 326 455 338 
8 412 105 266 288 301 102 429 228 
27 213 393 7 1 430 219 438 4 223 388 28 474 362 169 359 323 121 456 487 177 499 424 432 111 191 350 451 
10 41 388 153 381 244 435 78 65 240 31 
13 253 484 336 411 204 126 220 149 51 465 163 165 492 
24 382 353 181 263 298 393 305 361 493 43 127 12 357 324 430 299 490 338 396 243 453 60 306 21 
2 408 204 
17 61 348 204 276 92 85 239 426 458 354 196 157 173 107 42 194 280 
8 472 404 241 104 175 200 72 184 
12 356 365 78 148 394 212 440 425 13 169 205 87 
12 495 363 465 169 412 11 418 300 441 210 315 32 
2 48 471 
17 37 249 415 499 367 463 142 88 168 211 391 353 381 323 337 207 435 
1 359 
9 88 48 181 34 365 254 494 420 118 
7 280 98 302 83 388 41 48 
24 342 341 66 455 482 214 223 439 486 290 375 74 217 235 362 312 114 318 358 389 258 129 55 8 
3 237 47 35 
16 494 44 440 6 369 268 216 270 47 205 297 110 203 5 190 292 
28 125 408 438 51 204 274 62 255 163 68 67 82 493 2 183 132 94 160 135 76 264 270 401 496 299 327 60 344 
22 372 248 485 234 247 330 320 328 75 243 305 182 297 287 439 288 227 418 310 495 342 425 
24 302 467 339 390 371 436 424 15 320 164 224 384 425 416 53 414 202 122 325 266 400 346 419 172 
12 319 289 275 11 489 106 479 491 481 111 214 464 
27 425 498 378 335 17 452 414 132 30 178 320 100 352 113 57 481 374 324 255 58 121 431 373 291 437 351 182 
26 200 458 29 135 399 467 3 382 170 229 322 143 24 437 326 117 148 194 363 294 2 345 106 250 380 115 
3 155 399 291 
22 77 235 291 285 263 31 273 13 370 463 470 36 221 32 281 53 379 110 47 192 169 212 
20 34 320 11 430 294 43 158 448 334 17 52 389 426 122 420 245 167 353 62 200 
427 155 432 489 208 56 1 110 181 318 40 66 310 328 426 32 187 134 220 130 486 499 438 137 348 475 245 327 375 3 253 236 420 421 16 445 27 166 131 465 299 476 51 257 129 50 124 171 221 474 458 352 429 494 400 82 251 308 177 163 65 11 106 142 268 39 31 64 238 127 487 335 126 212 112 205 462 30 203 161 151 401 297 54 200 309 271 379 96 149 477 35 69 194 225 136 122 428 80 454 320 19 41 70 322 321 88 115 286 239 197 491 109 363 356 169 118 232 497 91 4 410 7 435 133 266 57 182 391 101 97 357 14 209 43 72 319 466 464 343 312 295 453 46 45 233 120 184 121 367 407 10 117 132 192 20 207 71 353 103 394 218 145 138 68 160 470 93 13 269 22 15 405 42 180 215 270 354 293 404 447 460 254 85 424 99 243 378 60 143 95 482 17 104 154 347 272 455 244 147 12 75 480 355 419 247 323 152 190 285 393 86 83 431 392 473 219 9 168 433 148 226 258 413 202 53 107 235 361 123 217 49 416 306 260 333 158 274 338 210 360 443 396 87 108 280 444 141 303 292 255 26 231 186 315 28 479 430 377 38 157 294 33 461 84 316 164 493 326 414 481 434 418 311 456 291 252 275 189 167 277 264 390 113 314 340 159 408 90 63 198 174 265 409 384 339 351 153 332 485 262 397 288 304 349 439 211 422 469 23 389 457 450 415 336 366 380 188 79 368 386 298 150 371 345 300 224 483 234 201 259 437 242 402 199 358 463 446 196 278 114 111 36 6 281 403 364 448 59 282 344 178 369 246 329 263 267 412 436 216 52 135 373 24 81 440 228 193 441 173 183 302 423 376 55 442 222 237 305 398 170 370 240 250 227 341 451 490 5 411 67 206 102 496 406 387 488 241 172 100 459 195 290 287 223 8 256 62 283 25 362 498 478 0 248 261 76 176 230 449 395 388 492 452 105 279 94 273 399 179 146 330 144 365 346 128 139 296 350 175 162 191 334 313 374 383 156 417 2 58 325 468 165 276 37 284 73 89 214 337 331 317 385 382 116 140 119 18 74 307 229 324 92 301 213 381 484 21 204 61 472 78 495 471 249 359 48 98 342 47 44 125 372 467 289 425 29 185 77 34 