100
1 14
10 32 3 81 54 48 98 67 9 62 99 
2 81 82 
25 81 38 88 49 78 10 18 39 17 57 42 13 48 65 19 61 58 46 40 41 72 97 14 36 2 
25 44 76 75 52 86 91 77 37 65 9 45 89 82 27 16 78 41 3 22 11 85 67 55 79 64 
18 39 38 27 56 85 59 45 21 41 50 81 1 83 29 79 4 13 76 
12 80 88 28 11 90 66 0 41 91 79 9 6 
14 47 81 36 4 65 50 48 60 96 28 5 75 93 59 
8 10 96 49 19 17 7 78 33 
6 20 29 14 48 23 31 
24 97 47 77 78 81 22 65 54 53 99 93 98 36 21 56 52 24 10 18 71 55 70 26 27 
10 88 17 23 32 62 13 9 78 57 20 
2 17 65 
7 61 73 9 58 26 39 3 
19 22 17 49 65 10 80 82 50 62 19 84 59 3 39 98 52 43 25 90 
28 21 17 73 42 54 62 55 31 24 14 36 64 38 45 67 48 41 59 85 10 9 23 2 13 91 92 33 63 
5 77 74 97 38 90 
2 60 67 
20 52 41 43 83 73 96 89 70 1 95 34 15 27 21 93 82 6 40 17 14 
25 28 55 7 80 90 19 51 58 16 45 49 1 72 0 2 79 27 29 67 18 56 65 88 26 74 
27 4 61 64 20 41 83 55 73 8 28 18 62 78 77 22 50 16 38 56 10 84 46 70 57 34 65 31 
20 16 47 53 76 19 95 20 99 75 94 61 73 85 43 46 32 78 2 48 82 
23 4 17 46 92 90 45 51 48 78 91 52 56 13 22 77 61 32 15 65 31 11 8 67 
4 29 75 35 99 
1 32 
10 89 68 41 97 11 27 38 3 7 81 
25 52 25 98 81 27 2 61 36 11 49 13 7 33 22 48 91 76 24 63 14 37 41 3 77 51 
19 92 73 31 85 26 57 93 28 65 1 43 91 21 48 22 37 76 7 29 
1 92 
5 10 17 6 52 25 
23 74 97 35 28 43 26 69 8 32 56 15 96 24 88 51 7 48 16 57 66 41 83 0 
9 59 86 34 96 70 27 91 45 52 
13 99 38 40 93 54 76 26 57 45 53 75 91 33 
22 80 65 56 73 81 59 14 4 90 91 45 63 21 33 47 66 72 0 18 22 9 40 
22 53 1 25 71 88 38 89 51 66 19 39 52 15 9 96 65 79 6 97 78 24 55 
8 95 39 42 88 11 74 35 44 
4 36 80 99 27 
22 58 41 38 15 7 37 84 55 22 29 4 70 87 20 57 36 32 99 12 11 73 92 
19 62 67 65 36 88 39 10 78 79 75 4 27 83 69 42 13 47 57 50 
7 14 0 66 24 8 92 70 
1 44 
23 4 51 67 45 20 24 7 86 30 85 2 21 59 72 14 46 8 34 9 0 16 48 69 
22 84 13 69 50 86 8 18 70 47 85 97 66 65 40 73 12 10 39 49 15 24 63 
13 83 29 28 75 17 11 70 8 13 74 55 30 35 
6 70 12 55 15 45 84 
22 39 72 12 9 68 52 62 67 33 7 34 53 22 29 86 45 63 18 40 48 38 4 
15 76 53 29 75 26 25 20 11 50 12 77 4 10 6 44 
17 63 50 94 27 90 72 36 68 96 37 51 44 1 48 71 95 47 
10 89 54 94 1 3 28 52 69 99 10 
14 99 72 19 77 30 7 54 82 2 66 51 40 64 58 
29 6 31 55 66 4 13 40 81 63 89 0 95 71 51 77 28 50 29 15 1 2 47 67 70 10 38 91 73 9 
23 68 79 96 34 25 65 42 66 73 61 64 97 77 81 86 30 12 3 80 92 72 76 98 
14 11 37 73 58 38 2 28 30 25 96 36 0 65 60 
7 55 61 75 42 45 50 23 
4 36 31 52 43 
24 1 58 50 85 64 68 86 60 71 61 51 90 28 52 36 0 16 21 3 55 23 84 20 37 
1 66 
28 75 45 97 27 20 17 12 68 37 29 42 38 58 8 91 56 64 48 60 13 4 73 51 86 32 3 10 31 
21 62 79 30 90 41 1 87 93 50 0 42 39 19 59 69 3 89 31 52 9 11 
29 14 4 11 74 46 19 36 29 58 30 20 76 28 92 27 87 82 2 34 18 10 68 88 71 90 97 96 26 37 
22 57 73 45 31 60 14 68 36 1 8 91 74 76 7 61 22 75 37 2 72 49 19 
5 86 64 73 29 54 
16 26 3 87 38 80 86 2 21 48 27 43 0 88 1 13 30 
5 7 62 13 2 58 
2 84 16 
2 71 90 
24 25 43 92 47 2 94 67 8 42 10 77 24 54 29 65 89 27 7 14 0 20 79 66 46 
5 55 14 94 6 61 
9 12 64 69 95 20 29 66 70 34 
12 39 97 99 17 89 95 50 27 23 35 86 71 
8 60 29 56 28 61 0 67 33 
29 53 73 29 63 17 58 47 51 0 90 79 82 54 52 12 81 8 20 48 96 50 26 74 88 78 31 62 35 98 
3 30 57 35 
5 31 16 88 78 37 
7 63 99 62 0 23 89 65 
12 32 22 69 16 52 49 27 95 89 99 67 93 
20 64 12 85 66 26 47 10 33 74 30 86 15 25 2 99 77 60 58 67 50 
21 7 8 57 9 10 54 85 56 77 23 61 99 63 97 26 49 38 5 30 3 95 
16 29 79 21 18 48 20 33 82 10 12 40 6 63 97 4 36 
19 85 67 12 27 80 40 58 76 44 8 22 71 97 64 61 74 73 49 48 
16 13 56 29 57 63 16 6 42 58 14 83 12 44 90 8 48 
14 8 26 20 62 10 22 32 48 42 38 67 2 33 53 
23 13 45 14 99 74 94 35 38 51 15 27 24 34 69 91 7 93 44 72 71 25 88 87 
4 88 89 20 96 
19 68 77 11 64 63 20 0 47 71 36 9 57 3 75 32 87 92 41 93 
17 15 11 20 25 35 61 84 69 67 89 98 18 7 60 36 10 47 
16 99 33 94 22 80 42 17 45 96 23 28 51 58 38 69 73 
7 64 20 35 77 21 30 53 
2 92 10 
13 68 38 41 25 51 74 17 27 0 77 9 43 32 
24 83 79 51 72 36 29 88 19 71 54 63 78 43 17 85 8 82 93 32 12 77 13 18 58 
24 57 87 96 12 43 21 27 66 40 71 95 20 82 72 38 23 18 93 52 79 67 29 64 7 
14 39 26 35 77 27 79 69 48 44 30 22 20 14 42 
5 91 42 8 49 99 
22 67 87 24 48 69 17 82 27 11 42 1 84 29 34 91 0 26 99 57 72 68 66 
18 0 8 87 66 20 46 59 85 41 79 35 98 48 45 24 42 58 5 
7 53 70 78 56 43 29 82 
20 91 13 82 37 19 90 88 26 15 25 22 1 80 60 93 66 39 68 32 58 
22 74 33 65 81 30 95 91 98 64 57 42 67 52 96 71 97 43 78 76 7 15 10 
2 50 54 
14 32 82 18 76 27 80 48 96 23 47 9 65 61 49 21 97 67 52 28 4 46 90 75 81 89 98 85 92 17 74 59 93 56 1 42 36 41 39 8 44 24 69 83 12 72 25 63 54 19 6 34 58 55 31 51 66 45 30 11 73 86 3 7 84 71 43 94 64 95 60 53 35 78 62 22 26 5 29 40 16 2 13 88 68 15 99 20 10 38 79 57 77 91 87 0 70 37 33 50 