1000
10 106 280 725 881 942 78 74 677 759 253 
10 8 255 772 430 624 890 645 510 76 764 
12 438 933 138 270 498 983 513 536 115 199 573 217 
12 836 329 461 885 751 933 52 372 597 197 550 178 
15 729 288 382 177 585 510 667 97 242 955 718 642 21 898 973 
18 261 857 934 974 901 254 843 759 656 666 322 844 367 764 419 243 158 696 
9 392 851 815 987 723 445 365 864 285 
2 274 778 
13 87 240 369 564 265 530 821 730 741 714 250 557 778 
11 324 885 466 593 351 76 306 618 536 383 704 
17 302 686 923 430 904 348 194 141 752 919 770 9 77 822 406 580 910 
24 713 409 898 924 63 267 725 809 352 381 981 792 506 283 211 401 261 444 348 446 947 39 890 613 
1 684 
2 52 550 
13 883 642 574 24 808 242 977 134 831 537 418 949 174 
3 340 842 41 
7 88 441 651 23 781 70 913 
4 526 630 714 833 
5 708 531 674 910 712 
8 618 61 577 114 820 349 649 952 
18 845 421 180 582 848 585 128 799 107 534 333 351 903 919 647 27 277 718 
2 13 98 
7 388 535 660 653 846 657 398 
9 133 405 249 506 657 749 156 644 138 
12 428 482 119 136 814 255 469 633 79 942 716 700 
13 340 941 506 301 757 141 566 974 905 937 456 681 215 
14 269 656 79 774 272 462 806 525 66 460 596 138 689 661 
7 760 461 560 797 1 716 32 
20 817 921 493 284 711 978 351 10 221 621 43 634 414 781 367 229 607 847 119 533 
2 131 994 
5 791 426 390 903 526 
4 512 369 303 536 
12 480 131 535 851 957 748 520 275 638 609 552 383 
25 525 140 519 668 518 831 565 878 607 157 440 111 188 159 508 946 574 176 211 584 972 412 610 416 257 
22 162 294 755 478 922 389 412 990 457 882 649 512 198 119 288 238 574 440 518 725 399 221 
14 132 494 530 510 683 780 826 581 535 214 905 9 972 678 
19 810 244 761 806 520 925 801 175 448 425 368 44 702 59 716 833 501 674 637 
26 254 851 554 291 458 677 147 447 640 98 576 650 975 200 438 883 251 421 466 193 597 727 728 330 654 68 
25 338 635 507 144 219 716 650 806 407 200 445 428 647 122 232 752 28 971 588 461 536 732 580 930 310 
2 189 328 
27 658 39 27 268 265 401 377 531 618 765 155 584 735 583 152 174 470 890 616 939 831 327 740 217 400 672 113 
10 581 757 302 497 355 357 365 613 95 572 
12 402 129 63 580 342 694 707 590 332 224 604 753 
17 338 407 468 430 337 452 102 68 234 563 728 796 516 680 364 215 458 
5 464 499 256 277 606 
16 363 231 606 859 429 12 886 371 58 537 731 103 469 96 50 872 
1 785 
10 493 197 121 362 545 238 448 838 323 237 
24 514 360 207 78 649 687 149 265 700 506 545 930 632 3 528 557 623 160 759 518 892 21 635 433 
25 135 455 860 291 888 512 630 878 444 114 876 36 143 886 552 855 209 987 646 397 991 448 333 750 700 
4 102 868 429 166 
12 609 658 272 769 377 555 90 428 432 814 575 901 
26 210 226 838 519 482 71 587 823 647 116 734 992 248 96 473 876 114 408 341 869 973 192 478 322 98 892 
18 395 849 18 58 569 781 414 194 184 73 629 588 986 944 15 9 974 741 
3 52 34 372 
20 977 819 822 846 790 305 668 510 573 508 536 432 894 874 588 370 570 702 992 565 
22 199 438 915 101 86 772 794 929 135 226 657 90 961 59 974 303 597 648 338 458 424 888 
7 84 275 787 366 78 680 700 
22 755 181 846 829 686 546 801 26 700 379 975 323 114 305 871 613 798 906 52 876 897 93 
25 781 958 48 347 1 812 353 224 498 712 358 69 243 16 717 502 116 217 970 196 337 869 6 966 593 
2 986 538 
5 548 396 422 705 104 
14 477 628 846 541 908 913 233 214 493 844 42 315 177 813 
17 171 289 408 813 590 237 5 679 302 632 109 694 934 907 502 831 457 
18 724 523 60 483 56 681 401 735 61 892 599 339 858 825 919 334 706 270 
19 968 904 395 572 554 403 444 621 781 636 256 404 379 836 1 347 134 643 928 
18 35 331 948 353 417 155 951 959 148 911 213 715 681 349 922 364 158 826 
9 259 744 187 505 286 543 912 358 161 
11 618 988 91 442 998 968 347 902 185 192 843 
7 686 325 461 880 913 531 383 
27 129 227 163 18 111 902 822 132 407 426 43 474 843 229 770 801 325 986 821 241 736 16 391 752 572 357 450 
20 476 571 827 883 933 345 515 196 374 114 189 172 551 442 183 503 167 452 223 786 
25 960 595 710 875 410 973 372 419 551 513 194 207 497 285 331 648 193 684 893 816 619 302 28 74 349 
7 797 546 339 39 467 172 661 
26 767 81 895 494 385 537 957 872 481 607 589 64 601 546 815 664 127 896 453 768 554 534 581 868 268 282 
9 171 89 962 981 395 765 53 534 764 
12 91 290 689 217 63 407 504 596 770 4 275 270 
26 792 200 454 412 122 795 910 61 767 661 613 612 698 530 379 86 894 55 269 295 711 351 392 178 551 499 
24 796 57 252 109 150 404 52 41 711 582 534 805 515 516 978 718 862 470 769 452 413 961 898 905 
3 569 805 167 
25 871 308 124 274 468 948 766 874 558 750 68 609 282 248 184 460 992 381 764 840 669 506 430 23 593 
1 741 
8 763 639 337 273 219 972 326 81 
14 538 71 485 736 407 746 786 2 267 829 879 364 122 532 
17 709 425 315 503 27 374 285 400 357 881 273 422 824 212 222 267 931 
1 792 
25 257 830 699 717 549 149 677 639 848 763 214 557 159 548 435 915 351 695 889 301 330 498 725 54 855 
28 340 837 224 170 352 843 311 769 977 383 544 50 72 834 663 113 286 397 598 393 313 866 959 427 861 168 960 571 
17 164 260 932 181 777 198 496 483 85 792 429 39 671 17 335 339 848 
2 549 74
19 772 890 902 50 805 682 198 490 131 293 304 108 589 85 642 539 948 851 78 
10 881 283 191 815 438 585 49 772 404 218 
25 271 676 546 862 216 725 441 20 821 420 495 349 684 165 627 534 683 852 900 344 287 147 369 368 566 
27 698 405 964 783 407 929 912 414 102 193 429 920 167 0 576 949 538 842 423 145 445 369 320 120 252 279 484 
20 563 393 218 746 240 68 63 771 152 435 294 351 357 272 485 858 989 820 596 640 
22 922 606 812 148 264 465 957 82 102 696 263 415 888 488 254 929 973 443 183 41 172 451 
9 8 523 758 379 459 357 496 773 358 
5 206 596 753 645 316 
21 193 356 786 951 366 555 922 76 486 814 560 864 64 632 347 853 74 745 359 254 391 
18 564 399 784 260 112 526 947 202 6 126 242 401 759 848 885 300 993 782 
14 807 664 294 464 560 365 55 424 693 226 435 51 814 477 
7 700 301 527 467 856 663 914 
10 81 342 60 292 899 625 989 316 185 709 
8 502 426 741 906 166 555 446 524 
23 406 993 575 567 183 404 877 661 526 87 472 584 76 638 734 549 50 148 182 351 520 639 881 
24 914 233 447 375 145 952 931 826 958 619 645 284 954 54 874 433 753 630 737 665 999 510 148 122 
2 942 313 
8 716 773 317 882 78 765 532 606 
22 765 407 705 864 973 834 269 475 570 536 328 141 89 102 850 505 184 866 363 803 960 686 
28 623 392 692 87 799 538 871 178 9 855 963 413 411 912 851 92 188 140 733 53 328 711 716 666 2 347 42 165 
15 587 921 867 965 977 362 604 463 541 953 381 179 68 112 603 
17 448 999 692 157 829 292 687 30 518 950 610 424 265 658 971 453 398 
2 335 169 
19 347 129 354 732 657 776 495 838 242 271 453 189 528 786 349 785 618 418 713 
13 641 781 733 196 642 557 682 618 812 787 109 141 112 
8 831 369 569 960 557 830 873 147 
25 6 99 465 679 719 7 778 16 174 671 207 317 550 329 464 275 340 877 165 422 792 638 293 657 986 
1 942 
22 370 185 982 931 959 392 328 974 650 590 984 556 540 6 75 435 281 317 488 46 771 897 
1 874 
29 103 160 429 502 426 28 515 750 790 149 314 627 431 16 739 995 96 123 615 684 643 635 722 347 567 560 691 130 965 
21 36 597 847 52 445 61 404 767 927 94 172 672 415 547 769 962 642 176 24 135 481 
25 386 414 351 828 177 507 928 982 104 566 728 939 163 826 873 751 131 144 912 516 311 199 625 119 942 
18 859 783 761 119 293 405 14 519 416 980 142 847 103 839 32 178 96 849 
15 337 118 237 478 280 88 874 316 757 561 674 59 128 450 328 
26 762 685 476 650 115 896 917 901 212 897 449 338 469 697 364 661 833 178 732 460 729 91 261 390 856 626 
25 374 957 73 431 820 764 93 834 533 260 322 56 413 661 171 145 924 222 208 858 458 221 604 984 608 
17 881 596 373 512 395 346 121 709 86 436 137 742 964 619 160 695 967 
6 4 935 112 49 861 145 
29 46 701 967 240 657 978 167 894 728 85 717 706 529 781 311 207 628 697 898 575 856 727 413 612 818 576 209 704 619 
11 985 648 938 644 992 792 553 809 950 953 341 
28 702 485 527 678 663 635 523 375 165 750 42 297 483 192 808 888 640 740 995 923 299 520 462 508 371 745 58 901 
5 765 616 950 504 651 
17 543 418 705 974 649 935 769 918 612 876 61 753 396 868 984 534 673 
26 867 207 855 585 65 360 594 99 131 279 383 254 112 818 470 727 572 905 332 885 474 665 477 843 132 442 
6 794 959 398 807 830 76 
7 823 106 344 435 23 290 902 
22 537 677 197 70 580 738 274 415 672 473 165 600 825 94 804 33 211 120 271 433 947 750 
19 121 998 85 453 363 853 459 341 345 170 291 142 171 844 397 945 265 881 514 
16 471 184 371 610 992 855 876 676 381 657 317 891 782 872 542 568 
5 795 735 896 753 961 
20 755 743 978 481 0 637 466 470 326 74 927 88 42 794 949 845 323 427 22 139 
10 643 861 528 285 961 700 365 110 833 381 
6 218 573 753 623 346 467 
18 254 373 883 168 28 314 69 689 95 922 352 681 454 984 656 806 729 975 
14 384 793 643 244 897 594 329 900 512 498 894 986 259 666 
22 765 867 674 646 27 955 806 25 797 759 373 887 614 970 132 560 258 164 813 570 588 838 
1 593 
5 676 436 278 6 902 
4 112 695 96 706 
23 389 300 476 280 932 787 401 228 433 193 436 779 512 989 127 96 717 131 558 857 951 81 673 
9 747 543 364 435 924 107 248 269 759 
15 882 431 957 150 137 758 170 544 981 698 491 745 187 0 901 
1 581 
21 862 928 953 410 755 513 734 304 125 948 637 487 43 373 758 202 781 831 103 75 827 
26 644 163 795 689 242 186 234 585 999 818 470 77 778 801 182 667 541 2 248 561 411 741 990 34 420 945 
22 164 894 450 736 326 946 941 13 374 400 681 404 672 975 920 65 691 773 954 285 814 135 
19 200 575 922 535 397 911 178 17 28 958 966 920 955 990 693 289 48 454 624 
8 590 807 62 538 970 558 370 746 
25 111 195 836 697 372 627 684 117 787 216 657 108 806 317 899 730 172 113 950 47 692 434 61 513 989 
19 295 618 870 225 239 763 169 278 129 139 98 11 856 849 85 852 109 586 986 
9 697 628 925 870 986 424 408 739 535 
7 717 210 537 232 781 340 355 
2 356 664 
17 740 5 608 769 230 626 654 745 619 17 121 420 457 613 426 402 653 
23 125 481 953 535 176 8 244 40 372 222 998 139 676 116 877 713 51 871 192 411 721 320 276 
14 935 645 457 13 80 864 497 72 919 773 398 454 134 319 
21 494 887 6 899 709 98 244 604 978 152 376 342 516 805 333 394 241 890 675 253 547 
15 940 23 839 292 237 66 687 927 497 607 111 501 98 521 648 
7 506 96 738 768 566 306 741 
22 951 450 752 991 797 518 65 923 74 153 295 680 63 273 971 335 383 616 495 841 198 439 
20 667 493 838 739 868 901 97 691 623 692 613 186 755 49 552 116 88 985 877 597 
28 951 695 773 423 237 310 248 830 148 156 541 806 258 335 36 108 462 522 473 214 494 804 246 988 352 756 240 537 
28 532 729 876 948 919 214 78 123 231 174 215 865 255 651 866 680 682 933 65 494 431 641 166 921 154 425 984 859 
15 702 687 9 117 312 729 526 261 366 14 925 534 856 772 427 
20 619 728 267 184 787 29 827 475 907 87 763 147 46 233 312 732 913 852 878 853 
3 367 532 192 
28 505 151 703 580 946 887 213 65 907 466 648 681 463 8 793 878 103 411 925 628 550 531 156 918 513 819 675 263 
16 584 35 319 100 767 454 65 788 301 743 711 525 153 695 323 522 
23 746 920 287 437 592 646 200 757 691 972 862 585 432 71 255 237 892 545 881 758 244 221 194 
19 545 263 687 94 54 497 952 738 951 831 340 228 840 452 126 175 639 989 195 
27 383 908 550 711 850 7 58 238 714 166 602 564 20 763 380 353 653 701 971 426 30 247 85 422 593 104 240 
7 874 151 139 872 527 160 791 
14 860 986 194 441 196 715 516 732 676 576 68 979 894 982 
14 276 676 917 482 963 4 913 749 666 511 825 106 589 933 
15 538 926 408 945 295 450 773 721 854 52 714 841 7 822 19 
15 200 710 154 67 993 238 693 635 412 994 53 348 734 578 707 
12 982 129 947 881 721 339 353 416 839 240 408 868 
12 251 215 646 412 407 636 91 325 117 574 819 290 
24 578 34 356 76 159 913 626 830 877 290 590 55 682 410 655 649 48 781 190 3 9 63 122 895 
9 519 540 1 373 706 548 938 568 183 
19 428 76 867 922 775 886 318 547 19 160 657 257 619 404 842 249 166 953 929 
6 147 149 793 886 466 397 
24 121 563 656 591 841 173 122 73 444 828 571 870 325 528 855 362 265 479 561 328 564 662 488 77 
16 868 902 644 969 578 130 101 100 31 451 609 169 215 678 863 875 
25 953 623 378 477 664 848 77 619 170 417 732 278 878 561 78 152 994 280 554 988 369 460 509 435 359 
18 109 803 440 418 52 669 977 563 817 913 680 734 740 808 364 699 171 134 
20 675 392 793 995 432 369 603 705 334 375 837 764 120 359 642 781 332 835 762 728 
23 511 435 170 585 541 693 197 918 302 226 293 769 134 900 206 13 218 1 308 298 241 962 678 
8 409 209 862 284 957 829 874 710 
15 669 824 276 564 24 294 887 806 23 98 259 314 820 483 472 
11 566 710 23 646 116 762 592 929 948 926 488 
24 340 883 181 456 457 822 241 164 105 66 228 334 873 470 699 148 856 972 775 25 159 419 196 707 
13 553 376 512 46 660 750 138 635 558 474 164 153 533 
9 268 345 914 473 518 288 289 730 885 
4 19 734 286 41 
1 511 
24 762 665 361 209 776 688 634 807 394 267 987 445 791 380 691 428 774 126 492 208 276 628 41 505 
1 172 
22 148 733 579 675 270 622 204 203 75 425 469 542 421 763 950 624 857 600 821 864 489 495 
17 93 373 40 161 986 508 902 523 706 852 293 859 310 953 160 147 671 
19 688 360 319 532 738 501 846 48 324 72 325 887 801 293 402 677 639 124 623 
14 16 675 140 802 858 384 23 835 849 456 375 784 674 895 
19 928 484 308 1 60 248 358 770 293 259 913 159 567 963 791 840 239 731 464 
24 932 988 467 74 570 650 311 465 377 733 768 499 610 641 317 157 545 413 918 867 509 925 108 67 
22 556 864 465 285 458 266 352 758 102 961 106 627 632 870 951 47 166 544 657 330 576 799 
15 806 632 750 951 76 557 803 991 938 757 382 43 744 802 443 
25 7 232 216 833 919 698 174 358 705 971 517 348 834 674 619 665 927 241 48 758 371 763 47 678 604 
5 255 277 878 797 612 
18 856 773 380 682 120 479 475 588 888 923 366 573 994 358 681 772 825 149 
17 360 220 842 189 560 510 199 467 756 146 374 155 250 515 642 3 6 
2 230 887 
3 129 320 16 
6 452 226 320 681 255 93 
2 502 386 
14 469 271 834 918 256 744 993 622 858 548 453 683 801 148 
4 546 151 921 149 
9 530 81 720 621 526 722 497 890 342 
2 638 199 
6 470 599 383 421 167 474 
16 482 17 701 67 109 623 705 165 8 307 414 428 250 585 351 352 
19 517 867 341 80 233 375 863 775 975 86 781 463 660 273 229 239 570 465 408 
19 907 405 749 698 678 908 143 50 549 700 116 372 320 966 394 946 477 396 269 
27 421 357 920 315 117 518 353 425 79 809 510 51 882 539 287 513 901 334 401 916 790 411 451 382 643 600 942 
18 198 873 971 604 857 242 423 828 461 592 820 317 481 549 108 609 889 99 
22 48 626 442 634 870 936 471 904 272 316 195 651 805 521 822 439 117 603 156 263 297 107 
1 236 
16 502 56 886 380 595 420 507 149 976 923 447 531 542 61 989 64 
26 358 362 820 375 54 803 951 902 384 381 475 992 102 234 759 256 39 892 59 291 804 163 447 519 984 410 
19 389 284 863 244 513 157 384 3 170 507 131 187 693 590 846 13 860 111 278 
26 419 317 156 953 879 661 393 528 455 183 540 956 298 574 569 942 303 989 553 469 436 794 164 765 689 15 
18 135 73 47 763 668 698 213 686 839 469 714 32 880 150 737 921 369 580 
25 514 406 447 393 929 180 6 135 528 165 885 693 260 222 19 694 625 221 761 965 843 10 343 18 311 
1 433 
1 208 
21 821 643 433 354 807 554 920 634 393 444 426 602 32 235 926 619 338 811 950 837 283 
25 545 877 786 811 361 343 314 72 131 398 964 199 106 109 234 886 118 81 630 511 175 85 73 955 765 
8 251 668 601 769 374 292 677 147 
27 212 866 587 853 358 52 379 887 790 54 413 571 956 744 453 443 585 987 156 74 573 885 385 784 367 660 690 
9 760 712 207 413 281 312 667 276 905 
3 276 185 520 
22 309 747 585 955 138 984 20 476 235 993 871 6 123 954 801 410 215 865 284 265 200 553 
1 902 
22 841 713 87 976 260 892 726 742 669 739 288 248 326 333 216 618 576 561 885 105 251 503 
18 475 486 125 106 653 141 418 945 880 448 266 397 506 569 559 195 894 23 
18 566 153 899 237 806 846 640 491 963 924 99 445 456 119 470 442 101 299 
2 489 830 
8 164 352 310 798 85 745 107 390 
27 695 601 552 996 542 78 13 792 585 308 672 900 816 517 145 845 650 476 175 26 664 607 546 697 961 700 87 
8 590 470 149 186 154 592 864 525 
4 577 402 317 518 
23 705 475 334 444 826 153 525 420 465 829 26 793 963 921 717 517 207 596 110 14 585 950 556 
23 429 967 565 193 323 659 615 645 556 629 449 657 279 781 22 720 391 698 450 794 669 243 749 
20 625 279 918 634 750 151 237 906 484 749 406 55 541 167 636 660 735 680 715 137 
23 478 470 877 129 171 52 936 102 225 854 919 387 428 815 434 218 112 616 105 168 884 729 581 
15 393 593 383 716 302 913 826 659 194 906 143 134 84 247 62 
20 834 978 883 327 989 782 69 998 829 245 638 617 582 853 303 962 999 314 380 416 
17 655 704 885 58 212 348 61 627 112 157 993 417 111 413 605 807 793 
28 489 776 717 353 274 728 834 772 698 235 465 37 931 800 306 333 211 143 672 928 28 932 764 73 646 638 7 830 
4 218 799 42 681 
7 964 689 428 637 983 506 825 
15 512 437 694 272 356 749 925 621 237 983 416 597 688 655 598 
25 916 377 864 738 511 919 245 276 240 222 688 52 278 646 301 915 909 290 167 54 796 272 260 606 572 
2 678 936 
1 202 
25 827 136 391 704 125 501 504 8 86 2 463 410 196 227 558 872 326 954 332 594 779 839 189 302 253 
15 901 127 639 74 336 149 194 327 830 259 367 994 787 695 186 
3 386 853 316 
17 528 461 249 583 960 780 132 600 672 941 833 138 34 881 202 415 114 
9 934 4 870 712 660 890 621 46 249 
17 660 830 449 953 742 340 365 429 364 495 141 6 498 482 159 870 947 
18 99 345 487 353 187 58 838 459 679 653 160 143 636 559 378 4 408 49 
24 124 20 268 393 696 678 414 482 871 739 754 636 788 269 350 584 962 486 150 135 174 90 958 91 
16 476 745 118 914 172 790 992 560 293 347 630 639 337 846 150 864 
10 382 746 22 351 451 334 137 677 591 177 
24 621 814 204 782 237 473 323 240 287 809 828 422 230 316 961 506 611 692 848 327 355 172 183 962 
5 213 643 814 95 377 
2 128 208 
6 605 274 174 64 837 211 
26 802 298 825 713 907 266 496 715 234 839 81 942 299 515 923 674 308 708 962 441 276 480 668 382 243 803 
23 849 896 119 522 303 37 745 44 963 741 46 487 724 234 700 213 323 788 541 6 289 747 459 
22 213 948 321 305 692 717 146 964 735 443 206 413 883 277 201 106 270 756 765 619 737 651 
16 759 725 847 602 741 834 810 647 256 194 143 67 78 885 43 233 
17 666 865 64 47 283 802 424 843 968 937 450 476 820 694 311 84 410 
1 51 
21 262 154 227 422 245 814 681 522 837 884 674 391 790 220 712 3 455 276 164 666 387 
14 573 672 810 177 67 782 111 693 621 648 347 879 139 550 
10 757 169 38 708 672 273 18 379 489 93 
13 678 676 25 984 275 393 741 377 46 662 74 206 795 
20 980 722 38 242 750 578 878 663 358 770 734 613 224 721 459 482 158 395 427 564 
10 893 58 275 143 379 770 866 757 750 105 
16 129 286 702 232 283 458 936 427 462 439 126 272 904 887 228 69 
17 843 9 954 985 178 290 261 633 197 195 457 463 316 762 413 799 39 
10 544 109 360 637 793 817 551 647 921 535 
25 976 731 183 139 933 541 137 424 892 176 930 943 788 17 167 751 338 673 359 926 314 897 282 108 523 
26 780 944 507 284 131 673 158 853 224 388 491 484 994 186 591 601 856 251 960 474 581 127 746 722 79 274 
27 985 814 546 473 5 194 968 787 989 405 401 578 710 687 304 785 116 408 882 873 815 353 606 919 935 827 391 
11 369 239 111 415 322 161 580 768 246 779 171 
4 706 327 534 648 
15 92 449 469 683 710 181 435 658 958 681 113 584 167 171 268 
9 684 40 188 661 162 611 885 918 55 
26 558 934 38 105 824 845 534 714 645 47 590 554 696 704 488 532 765 155 923 455 21 161 694 984 778 375 
19 531 51 547 509 37 493 663 83 290 653 987 439 796 156 961 120 871 598 810 
13 86 46 861 827 852 977 191 427 875 9 859 12 64 
12 588 666 149 899 640 169 862 625 444 159 306 488 
11 614 864 807 980 437 640 592 108 67 639 775 
5 857 702 891 479 395 
6 294 43 813 710 318 154 
23 831 381 220 512 695 859 283 830 357 508 67 182 423 699 633 97 203 428 853 880 13 286 247 
16 624 628 774 205 848 431 874 922 491 242 979 211 208 809 539 63 
22 790 198 677 360 817 466 281 496 785 937 291 550 728 19 85 580 328 105 951 969 240 404 
6 281 532 444 397 956 949 
18 464 531 471 59 650 430 732 596 384 88 160 98 386 3 394 80 975 209 
8 957 483 565 940 288 668 761 208 
14 704 421 430 185 980 121 41 621 220 932 343 401 93 814 
6 736 40 937 297 915 483 
5 71 586 540 320 146 
11 151 587 836 632 446 617 827 9 535 262 969 
18 290 920 921 702 621 6 680 876 732 912 129 989 62 880 426 684 484 918 
26 54 836 617 478 646 465 883 51 901 920 35 826 118 592 564 87 96 807 619 706 732 918 494 441 767 480 
26 201 980 168 705 843 380 736 600 800 146 619 599 682 254 432 11 37 62 684 206 289 595 117 33 257 715 
2 976 681 
21 215 211 853 295 484 345 513 782 298 392 713 18 321 309 237 304 699 991 461 883 629 
9 107 877 553 957 292 270 796 754 886 
16 908 565 884 366 975 89 651 796 79 831 889 286 24 652 823 185 
21 459 190 786 485 203 54 734 132 181 333 390 469 313 545 26 20 236 93 544 978 325 
14 961 856 619 915 462 472 224 344 414 91 684 798 944 234 
4 295 455 659 788 
29 404 441 225 428 631 201 84 717 933 62 520 822 235 778 794 64 452 687 607 849 285 349 842 436 83 77 791 278 813 
13 752 180 212 981 683 9 36 797 654 819 823 91 160 
26 939 131 931 127 886 832 867 138 679 56 55 421 245 816 793 904 750 401 486 435 332 443 152 27 118 905 
22 763 174 480 901 215 826 458 733 668 17 559 111 3 508 707 563 45 439 714 791 65 443 
2 617 792 
14 783 177 453 580 624 968 748 252 692 489 435 729 96 626 
5 83 110 927 33 526 
23 735 182 73 301 940 140 431 297 40 745 67 459 418 948 961 847 568 441 757 782 7 153 923 
20 934 412 80 176 502 70 719 575 985 30 486 757 565 50 263 647 13 495 659 640 
17 873 369 442 38 244 869 170 293 846 234 406 622 180 578 654 463 142 
21 605 655 551 538 162 349 388 449 535 52 641 104 805 540 866 458 194 892 317 121 11 
18 572 831 843 306 978 549 678 73 860 222 900 837 775 338 877 731 78 550 
10 511 953 767 34 942 93 179 468 201 73 
28 197 281 187 53 395 956 283 100 836 129 146 361 531 152 425 800 999 671 239 521 804 26 922 771 227 945 254 131 
20 227 693 605 19 960 373 74 450 886 747 100 735 440 945 783 489 97 746 650 687 
20 875 314 49 850 307 471 154 320 741 799 100 509 157 109 153 448 411 4 778 951 
1 243 
17 917 942 621 13 185 817 122 228 430 795 379 488 896 349 821 511 198 
8 364 706 212 598 82 537 145 731 
11 127 284 850 218 570 430 953 97 765 960 784 
14 217 789 774 795 413 24 134 919 981 457 339 929 262 121 
10 518 129 74 816 999 226 635 456 458 916 
21 674 254 687 415 201 846 607 272 971 3 756 767 405 876 689 407 985 502 139 323 289 
9 99 702 307 203 820 52 350 758 186 
23 923 457 973 55 515 728 191 430 251 392 518 313 331 257 727 596 520 738 370 67 183 971 396 
15 314 704 529 684 524 650 804 479 254 32 668 902 281 252 389 
5 882 401 20 771 649 
28 628 364 778 396 702 384 923 406 946 26 251 528 609 469 808 498 77 277 701 504 301 697 88 559 893 60 618 74 
17 872 243 251 638 690 355 896 664 412 492 87 415 408 851 781 153 683 
7 433 867 624 13 113 966 720 
8 697 482 743 953 50 164 243 471 
8 907 69 738 256 591 113 730 931 
19 332 634 582 458 130 733 878 792 934 798 560 977 661 455 413 56 846 387 422 
26 977 946 0 178 180 568 972 14 569 904 291 90 635 454 162 975 902 851 4 984 835 443 790 225 393 383 
25 623 797 958 202 186 902 859 126 299 839 672 806 516 24 972 418 479 629 796 396 466 19 22 71 274 
22 219 889 248 28 442 686 698 668 418 891 130 539 707 533 919 410 980 890 964 108 287 894 
28 235 578 625 816 94 701 429 226 929 464 814 784 770 95 493 359 671 79 892 747 550 193 967 903 617 889 206 767 
15 811 759 725 382 299 392 999 532 847 250 641 798 987 49 29 
25 336 415 219 97 19 17 62 866 54 546 109 238 413 771 451 650 239 972 740 825 750 419 476 143 605 
13 397 842 797 961 596 305 139 40 473 637 98 708 586 
3 857 51 531 
1 552 
21 518 537 958 686 207 240 19 465 131 750 945 204 849 547 251 540 28 403 701 706 921 
22 936 87 840 547 337 874 248 437 385 404 994 111 955 177 424 295 304 341 738 898 541 164 
5 604 964 227 937 520 
3 840 57 435 
8 73 840 396 459 909 341 65 852 
22 902 461 759 223 34 907 169 43 956 892 571 30 67 303 174 758 563 149 200 691 129 125 
1 867 
19 78 129 580 843 986 543 643 743 45 341 896 505 237 682 584 778 576 207 615 
23 79 582 156 745 920 933 729 806 138 672 194 902 992 526 506 406 585 265 420 114 797 131 532 
18 584 210 888 606 194 971 206 57 531 2 418 211 309 844 716 480 732 47 
5 368 43 969 254 678 
15 816 151 133 642 488 647 923 518 467 578 877 795 506 380 49 
28 67 457 259 633 106 286 463 170 321 666 93 497 140 540 411 314 125 490 420 578 807 563 214 665 925 714 265 492 
17 484 910 997 156 617 898 275 393 697 31 542 308 290 193 420 624 820 
24 507 449 580 882 935 541 974 67 839 512 35 898 338 975 668 540 556 742 281 992 43 753 522 743 
16 130 272 503 314 623 640 351 649 617 386 829 165 721 278 257 380 
4 956 58 593 417 
17 485 422 153 415 817 723 33 628 330 700 594 362 589 640 406 769 274 
4 919 782 798 31 
20 728 473 138 321 85 223 518 986 902 62 692 940 295 721 805 467 264 600 362 749 
20 865 21 455 920 644 881 961 735 773 55 12 314 332 412 101 690 220 180 646 621 
28 697 612 365 871 545 96 890 570 934 610 968 554 862 141 259 439 411 52 450 533 679 716 369 195 558 1 105 985 
17 763 402 597 999 768 993 927 674 10 644 748 896 609 282 139 682 39 
14 880 266 110 787 980 801 518 877 452 861 443 371 615 774 
14 878 376 819 356 735 508 389 228 176 605 95 994 847 85 
8 624 815 472 519 86 942 827 896 
23 993 804 884 65 510 665 90 227 651 895 154 604 965 770 135 699 71 467 762 34 300 359 535 
9 167 834 884 631 657 886 622 641 699 
29 551 790 719 827 759 916 527 878 894 688 857 934 817 647 678 596 768 35 492 334 413 812 208 914 408 547 47 103 636 
17 70 455 786 227 876 697 880 87 161 652 973 723 510 61 243 370 176 
2 282 586 
14 629 977 62 699 720 196 495 441 341 209 814 193 719 668 
10 87 600 370 970 315 438 930 135 443 707 
23 279 927 416 108 404 102 602 791 640 68 236 193 25 699 442 118 345 262 261 47 377 305 711 
7 36 173 119 4 894 556 43 
22 369 796 124 677 818 353 673 976 506 204 52 129 373 858 61 308 304 389 247 379 222 641 
17 879 736 842 848 310 345 708 268 259 361 594 868 775 453 66 707 773 
28 458 551 243 9 95 811 317 587 627 399 39 485 738 628 823 170 907 525 340 349 880 297 603 181 615 847 448 586 
5 112 529 439 679 554 
22 604 17 643 872 340 362 618 675 978 866 564 30 95 840 956 526 950 122 173 629 380 655 
1 549 
25 546 25 737 340 918 933 806 174 281 529 823 605 929 501 290 640 528 916 672 875 366 63 749 331 457 
9 714 354 866 955 88 360 474 726 475 
21 67 200 371 278 587 582 559 242 927 775 849 484 306 443 70 384 954 754 963 541 316 
14 617 248 467 414 662 271 871 468 212 384 561 319 516 251 
11 389 591 437 370 380 745 313 833 885 632 825 
18 199 511 512 288 631 317 792 225 379 377 119 265 991 967 862 219 525 186 
5 695 655 86 935 588 
7 83 341 211 86 342 141 57 
11 310 234 938 31 706 119 455 819 802 237 273 
1 887 
3 898 273 11 
28 22 550 139 931 541 677 497 249 71 269 641 783 110 912 605 72 170 962 958 398 608 151 976 652 830 979 917 205 
1 448 
23 72 332 702 156 468 569 952 629 333 47 663 269 766 31 77 889 13 882 419 594 479 61 532 
23 814 494 171 323 657 293 313 820 918 640 5 740 1 328 230 633 4 456 112 674 193 748 652 
10 403 310 593 474 712 889 23 727 251 282 
12 718 703 583 854 566 107 549 858 725 523 910 706 
21 446 8 701 696 411 935 178 791 292 129 774 873 87 806 428 817 150 438 110 157 329 
1 973 
1 438 
16 392 832 794 856 257 82 830 586 28 604 330 616 311 230 547 37 
16 807 3 143 128 329 917 556 544 191 686 916 706 83 655 567 824 
20 198 270 785 989 160 81 772 9 794 593 307 499 505 324 140 131 738 883 636 28 
12 526 789 503 154 808 886 177 269 246 529 920 168 
16 217 815 526 169 980 328 791 994 131 86 759 146 279 415 471 645 
12 291 472 949 133 181 659 71 280 690 322 444 792 
11 899 236 981 835 669 869 33 557 758 5 936 
3 767 551 571 
21 39 986 468 183 828 402 20 354 49 720 632 208 553 437 2 783 26 95 628 796 220 
11 175 210 968 109 409 164 518 575 477 120 206 
21 525 499 232 915 74 491 728 77 812 460 601 201 645 419 938 817 903 16 101 701 534 
23 579 360 679 991 155 113 340 312 464 308 239 648 701 315 43 11 913 527 466 796 210 51 706 
5 788 655 226 911 670 
3 736 45 990 
20 597 241 257 893 781 22 484 667 782 68 393 581 814 169 281 458 384 626 456 911 
2 135 458 
1 411 
22 543 150 753 37 184 668 867 369 116 421 968 963 152 291 363 762 991 843 102 0 356 162 
10 802 539 320 952 656 861 77 589 329 286 
10 561 883 465 743 909 425 170 508 150 283 
13 149 172 940 736 266 218 497 14 634 38 743 193 657 
24 790 702 126 934 524 984 142 387 90 627 76 324 795 593 179 514 315 181 905 595 599 158 532 465 
24 110 22 531 814 854 131 8 907 212 16 136 229 449 222 281 86 353 56 477 872 822 954 52 991 
3 455 484 760 
5 389 912 689 303 930 
21 605 924 795 669 985 600 846 692 963 520 996 333 754 585 347 935 256 704 294 31 726 
23 165 720 199 690 349 367 573 557 318 702 979 588 508 98 438 837 656 586 43 629 960 578 982 
27 613 118 869 955 246 45 974 243 315 364 917 686 607 531 536 880 747 197 718 877 280 777 934 71 475 630 517 
26 418 389 798 851 80 73 414 136 839 213 728 126 783 520 259 936 971 392 998 134 942 680 927 709 716 205 
6 246 854 215 666 514 631 
1 352 
13 552 648 521 42 391 920 598 325 922 642 562 610 336 
18 619 972 878 195 159 10 798 257 452 181 866 117 637 778 501 425 86 251 
14 148 460 81 289 565 698 153 505 757 86 304 38 126 713 
4 9 925 608 553 
5 138 33 145 252 581 
1 0 
15 367 163 809 444 819 546 188 636 576 118 867 101 567 239 136 
10 372 371 844 824 629 148 298 701 3 471 
20 586 533 12 925 520 319 333 871 895 938 870 313 438 693 807 748 702 673 40 219 
14 138 676 338 817 638 965 177 430 660 301 757 867 709 830 
18 832 861 19 723 194 562 231 565 633 665 652 120 442 240 855 467 622 914 
14 796 354 169 136 437 316 726 137 9 140 314 957 479 812 
17 182 537 429 797 836 206 929 87 371 768 400 767 810 686 372 330 213 
11 153 782 559 50 385 349 741 753 454 906 432 
14 329 476 339 953 584 127 277 841 917 478 715 58 966 546 
22 876 410 68 217 633 875 622 754 762 827 111 350 466 834 128 937 696 352 861 853 942 50 
19 327 73 123 566 864 465 176 527 998 132 190 649 52 198 524 522 218 619 997 
9 207 672 734 33 338 818 755 136 557 
24 536 533 222 875 480 985 678 98 125 476 241 178 641 309 324 497 25 814 382 56 263 500 389 53 
3 180 142 416 
3 825 822 272 
13 473 710 155 144 953 626 49 108 699 74 500 509 999 
19 136 984 811 576 247 565 897 835 637 500 466 216 917 38 399 959 71 438 229 
9 543 874 623 514 483 356 642 650 802 
20 308 653 388 945 106 98 737 170 61 113 874 19 184 366 638 230 809 186 738 150 
12 73 868 626 789 707 114 684 656 749 215 27 778 
9 337 641 727 55 257 900 586 777 856 
25 215 888 528 90 657 85 549 136 676 872 538 937 28 15 311 141 965 875 808 804 460 759 577 986 294 
1 255 
15 103 255 535 425 127 296 916 735 708 416 177 247 8 749 883 
27 360 362 809 897 166 967 838 592 871 709 671 980 167 653 415 683 551 772 322 619 122 857 321 832 720 712 644 
26 84 837 283 582 151 824 8 763 344 870 932 773 649 1 261 630 46 29 168 439 476 31 977 222 139 534 
23 202 497 424 482 926 226 63 963 174 518 28 568 934 802 898 347 278 375 260 931 609 59 198 
22 7 341 203 107 562 559 953 829 807 941 259 89 771 405 136 12 585 450 294 832 521 756 
9 977 910 814 436 476 749 940 144 520 
9 736 530 292 557 265 970 783 994 649 
29 40 545 379 551 931 75 868 193 933 129 929 909 504 354 199 655 871 567 200 375 635 801 97 224 136 954 196 164 652 
22 278 691 931 915 950 698 754 594 769 447 286 837 918 795 736 155 627 377 504 173 380 595 
23 946 851 97 834 907 39 687 23 293 134 638 621 655 663 22 288 357 40 427 570 350 428 706 
24 30 177 429 790 850 728 245 278 467 224 349 551 294 447 836 438 931 84 953 809 995 664 253 176 
14 300 156 27 420 276 235 343 444 428 640 170 954 567 291 
24 25 776 333 747 844 432 911 212 463 238 694 619 580 226 249 362 525 375 265 468 570 507 758 870 
6 683 270 722 344 31 870 
21 186 496 420 880 495 745 983 913 411 572 88 443 26 76 763 121 512 470 488 691 818 
7 523 944 557 353 334 167 191 
18 393 228 959 564 582 628 354 546 374 119 777 204 910 349 919 467 254 343 
18 928 951 435 692 965 864 981 378 732 937 143 138 335 808 589 257 75 33 
14 122 233 287 372 699 659 130 935 458 223 457 321 605 751 
25 133 194 357 453 733 814 688 727 826 824 877 661 848 142 104 63 335 340 476 151 987 569 740 979 391 
27 762 788 394 65 87 846 467 571 10 384 374 341 44 294 55 772 243 961 218 110 849 582 797 969 847 704 910 
18 38 627 725 228 126 604 372 318 816 869 657 968 787 716 583 849 941 993 
1 153 
5 604 937 956 163 40 
21 351 478 583 708 188 4 109 525 959 399 29 65 83 154 579 503 57 252 674 437 411 
5 745 514 614 766 287 
11 96 378 979 660 256 569 898 667 877 674 814 
12 905 973 748 100 121 87 378 920 976 153 303 414 
22 461 278 310 785 36 851 360 445 575 589 79 402 545 720 870 933 237 666 71 162 10 426 
27 718 207 260 679 148 208 145 328 252 437 971 574 538 635 541 829 674 818 529 563 57 643 612 534 614 507 316 
21 488 528 713 561 465 166 193 324 752 991 534 578 317 165 322 226 837 941 211 893 933 
5 263 387 811 491 109 
17 244 857 890 958 765 645 140 388 300 465 333 593 483 535 913 424 150 
5 503 667 226 139 752 
15 491 800 595 447 465 235 522 453 499 14 860 825 963 18 395 
23 837 840 630 308 639 870 627 869 905 723 386 662 817 583 906 447 550 204 168 374 715 461 586 
17 659 989 56 465 769 644 847 892 767 582 31 647 109 9 850 231 565 
11 927 643 23 806 771 608 488 443 352 121 740 
10 742 102 7 420 151 351 476 634 713 233 
18 970 846 107 910 538 91 608 741 644 295 364 796 1 0 117 633 733 97 
23 994 363 232 850 211 220 29 889 149 657 66 230 906 996 949 8 125 609 885 618 52 365 261 
13 372 43 712 51 68 405 938 234 172 632 489 719 460 
17 162 661 402 868 961 29 97 347 871 248 78 908 741 730 934 993 279 
2 714 236 
18 354 401 700 443 607 22 845 669 28 553 334 276 804 575 806 961 413 967 
1 191 
19 354 488 882 31 736 645 356 913 300 246 483 123 72 759 217 322 792 959 874 
2 972 76 
11 121 949 176 146 721 124 810 22 964 762 867 
11 148 641 396 163 118 818 508 419 409 781 779 
28 146 89 282 190 312 628 402 273 369 572 565 439 907 868 417 499 193 638 627 356 527 354 323 996 458 242 73 328 
14 719 865 969 437 414 220 305 988 600 226 797 457 590 620 
2 776 201 
7 420 646 429 640 837 831 581 
14 225 676 456 856 752 627 8 512 109 69 605 545 726 672 
21 421 520 738 889 478 46 158 273 453 620 398 9 509 755 157 18 539 546 540 128 595 
13 618 393 800 536 917 17 46 626 317 466 109 93 778 
22 115 36 744 200 293 731 85 101 27 452 413 782 478 284 983 884 447 417 346 803 482 232 
3 294 83 753 
25 359 358 676 822 186 384 53 339 754 450 99 643 461 477 960 498 298 222 150 175 312 391 41 926 411 
21 89 804 893 557 39 330 757 481 884 50 599 208 273 838 552 242 70 33 595 287 885 
22 835 978 403 828 146 922 118 465 926 371 503 528 913 148 424 958 688 323 224 970 404 443 
27 353 969 782 570 143 843 907 542 31 940 348 617 87 858 831 900 155 509 223 324 317 222 822 520 302 587 249 
10 324 464 240 269 711 375 152 423 161 144 
23 698 707 940 390 245 210 792 308 563 100 477 322 98 172 129 68 273 728 775 467 883 45 450 
1 256 
22 998 862 344 406 927 738 7 60 126 35 30 297 788 940 776 953 219 939 767 657 713 515 
20 438 811 105 694 292 599 835 93 626 688 270 235 265 731 305 272 996 251 914 861 
1 28 
11 897 370 88 135 534 801 977 591 103 639 328 
25 237 72 307 402 792 616 424 694 619 963 992 474 452 685 370 97 506 468 269 962 11 840 545 34 799 
2 892 421 
6 249 669 848 393 609 997 
15 166 213 171 711 544 634 182 960 293 967 333 385 592 192 555 
7 971 603 903 514 213 202 373 
16 246 573 617 453 769 295 385 175 583 853 309 170 564 51 13 409 
11 619 391 309 700 854 665 896 764 499 55 658 
20 438 641 104 232 800 348 376 360 52 740 932 166 453 904 834 720 461 11 908 327 
20 17 895 562 538 202 39 10 971 375 908 198 518 97 482 340 940 274 912 332 7 
27 575 341 900 865 841 433 874 737 994 966 783 403 461 694 450 864 989 46 457 903 130 699 153 493 468 88 529 
2 640 340 
17 328 172 153 633 957 104 399 576 55 282 343 851 647 406 713 743 686 
27 998 244 320 403 443 511 282 623 241 449 446 545 943 162 306 401 212 476 122 171 286 361 150 107 936 135 760 
9 749 967 495 316 671 652 906 363 284 
26 765 901 28 333 14 672 807 953 105 467 645 999 862 369 763 262 402 154 782 702 274 58 206 773 570 627 
7 278 394 829 579 797 897 30 
17 516 166 892 6 51 384 806 436 275 740 571 784 870 802 850 248 488 
3 277 806 62 
21 691 5 211 541 219 741 262 23 140 536 484 216 185 770 754 253 452 886 435 283 887 
1 259 
1 637 
25 747 654 277 553 833 885 248 219 392 308 557 782 283 544 357 585 95 203 48 264 823 852 689 52 576 
2 903 473 
18 897 493 517 636 86 998 865 901 830 264 389 598 232 433 480 798 80 857 
2 271 13 
13 985 504 124 263 282 793 869 911 874 287 528 795 817 
6 38 570 687 267 160 177 
15 112 674 792 495 374 516 360 690 926 706 545 686 565 828 997 
2 265 341 
19 788 285 369 439 368 345 852 409 465 325 958 568 187 394 391 213 449 4 16 
2 526 960 
22 652 556 473 121 490 243 578 103 9 396 94 896 338 634 948 137 135 819 259 839 589 18 
18 789 513 816 434 2 736 101 317 745 106 653 280 870 22 67 656 223 10 
1 781 
24 399 669 542 234 761 751 759 140 325 567 392 109 326 786 565 120 585 602 123 101 190 841 232 454 
17 156 577 903 298 967 966 599 510 976 456 406 521 64 280 23 699 905 
15 429 227 510 936 30 852 264 516 295 755 977 355 134 132 569 
13 240 196 3 343 551 32 532 274 663 477 887 566 933 
5 967 227 716 407 698 
25 654 560 854 545 388 724 732 586 849 46 228 450 954 53 164 43 968 299 52 717 238 418 240 332 934 
17 537 535 209 951 635 980 196 124 193 498 494 995 889 842 421 134 417 
22 241 1 480 831 184 51 130 663 993 723 259 313 988 596 133 921 838 279 61 348 778 763 
28 948 298 684 850 16 126 629 365 572 956 379 897 392 582 463 33 223 945 303 299 615 681 59 827 816 1 423 709 
22 866 719 807 535 449 465 626 207 176 733 459 280 142 417 161 860 988 187 251 275 548 410 
13 991 829 37 983 19 86 834 88 380 99 631 855 135 
27 354 711 884 97 976 333 102 280 733 575 332 378 505 794 46 867 692 177 511 411 279 261 337 712 585 935 71 
2 629 264 
25 283 746 571 888 707 997 471 422 8 827 566 408 375 26 327 474 790 322 7 494 874 203 858 38 764 
21 835 650 485 975 971 799 549 856 492 982 469 126 443 809 806 275 521 262 363 796 892 
9 959 325 864 244 34 839 98 620 583 
5 93 195 405 779 81 
28 719 109 633 44 90 817 529 421 263 233 901 13 732 17 679 243 846 977 345 412 215 725 562 559 984 869 415 129 
2 953 66 
27 257 526 326 365 998 111 935 250 690 312 341 409 781 582 596 728 773 429 697 416 144 808 447 840 376 638 134 
25 268 461 265 137 178 975 244 989 567 513 863 656 481 323 632 86 750 293 834 499 496 329 31 129 895 
1 327 
19 925 781 851 645 412 722 999 697 583 105 761 419 423 126 877 106 331 628 14 
5 898 449 289 873 587 
12 957 1 668 531 688 33 870 582 227 936 706 76 
15 837 102 195 812 18 80 775 671 177 34 755 570 933 964 597 
15 162 861 989 789 847 231 512 280 985 660 731 691 342 226 464 
12 681 504 496 570 310 965 480 631 632 946 786 343 
1 188 
16 815 92 620 81 4 438 713 439 291 676 618 403 95 926 306 359 
22 516 749 107 120 53 174 23 903 687 379 808 671 842 815 212 468 435 593 708 790 594 546 
23 222 596 736 734 157 397 850 356 476 631 526 716 256 616 591 184 614 909 51 318 85 833 775 
11 886 483 630 572 797 806 668 873 855 707 637 
2 463 393 
25 843 335 204 844 582 175 146 928 12 221 930 71 676 490 376 519 914 853 315 684 810 766 800 878 136 
21 26 315 659 52 923 976 232 719 368 688 602 567 604 150 727 559 855 413 971 229 895 
3 372 290 354 
7 45 408 704 478 935 867 881 
12 255 702 585 679 790 828 332 994 317 100 265 785 
25 878 329 963 610 952 679 290 645 176 165 260 136 564 139 236 805 18 244 374 666 242 709 738 121 490 
1 320 
28 370 156 834 23 640 380 781 618 609 464 576 346 902 841 413 802 415 868 386 658 40 848 845 542 825 804 311 102 
13 864 821 125 470 681 892 439 321 558 272 447 774 790 
5 36 999 866 69 854 
20 779 580 338 6 167 457 503 719 783 523 79 285 49 196 439 23 869 289 59 984 
8 752 470 932 330 633 814 889 930 
8 969 623 485 695 611 298 782 127 
9 465 394 800 862 857 141 845 93 383 
27 294 545 222 925 883 95 57 25 116 199 637 506 667 285 467 647 774 817 469 270 768 196 371 487 408 717 961 
10 90 88 499 302 582 470 63 402 183 261 
13 796 170 402 318 576 173 527 596 180 330 928 614 894 
12 931 453 610 528 901 9 984 659 793 833 428 958 
9 586 351 728 483 154 771 268 221 911 
5 740 189 648 74 831 
9 155 654 742 957 109 593 876 937 217 
23 283 470 937 490 798 383 270 724 685 922 74 867 612 286 362 36 404 541 236 196 189 141 993 
1 302 
2 563 832 
19 963 352 904 811 324 995 272 874 618 269 40 252 421 602 886 993 646 461 208 
7 921 639 10 551 453 398 154 
8 26 167 561 338 389 567 929 203 
20 787 859 423 346 913 561 115 176 614 662 514 972 292 854 476 998 581 910 122 729 
1 767 
24 565 527 898 851 685 734 920 104 931 691 491 956 57 854 542 238 965 272 486 978 101 374 533 17 
22 331 473 640 573 755 40 599 72 359 295 9 389 585 508 201 62 608 47 140 780 683 254 
25 485 236 900 6 917 228 26 937 272 603 351 323 669 283 237 966 965 852 279 431 926 726 47 64 770 
22 877 732 728 645 13 373 871 957 638 881 746 654 163 83 349 289 536 54 971 432 802 708 
2 98 514 
24 511 567 729 410 403 400 597 317 816 523 859 666 414 586 985 966 375 876 657 169 250 449 184 77 
11 293 537 474 909 354 955 11 323 261 426 745 
18 485 329 28 921 663 214 106 263 232 840 257 616 661 254 48 884 367 408 
23 626 267 147 95 143 607 931 488 674 853 192 639 278 33 24 985 710 182 714 417 664 582 239 
27 881 909 297 582 741 856 164 759 956 120 786 241 235 667 221 812 529 327 55 93 697 700 154 610 849 355 766 
18 234 241 622 529 821 414 692 895 942 845 771 991 3 9 11 210 439 476 
3 549 947 720 
11 141 745 0 606 589 547 667 40 353 322 13 
12 857 896 981 859 254 219 379 475 773 356 887 167 
2 503 857 
19 34 412 259 801 529 463 201 337 216 538 277 847 884 681 154 664 547 459 99 
13 195 460 361 419 782 874 871 43 333 436 809 937 911 
8 557 443 596 265 850 659 572 496 
14 66 18 461 961 640 821 852 282 405 359 292 655 571 774 
24 633 60 663 208 451 708 983 688 470 627 36 487 829 245 631 640 567 430 842 345 743 66 351 439 
12 378 846 597 667 999 902 291 924 598 711 224 407 
1 634 
6 705 163 937 489 430 126 
9 804 690 387 77 750 178 651 825 94 
25 408 283 259 673 81 163 525 618 818 828 529 557 364 742 680 384 155 222 711 157 252 764 195 320 135 
21 427 543 846 199 546 884 803 544 608 76 207 692 95 53 848 289 698 469 528 792 780 
11 673 283 554 47 365 152 544 706 264 549 314 
14 602 292 250 127 968 801 453 809 702 588 704 2 294 89 
11 447 123 295 504 108 419 449 223 126 767 60 
4 548 770 28 647 
18 525 866 333 779 99 621 59 734 581 221 223 71 165 108 0 395 501 948 
25 130 285 594 98 550 892 1 714 74 680 421 446 521 472 685 19 909 574 548 105 120 610 228 695 434 
12 423 404 535 542 155 849 604 495 721 19 710 408 
2 708 440 
20 81 647 599 29 949 267 105 713 236 812 445 13 725 294 975 510 831 547 84 216 
1 732 
15 394 819 706 16 726 808 204 904 420 318 965 684 65 282 440 
15 377 431 952 106 173 224 778 844 156 115 476 480 178 534 735 
1 110 
17 708 21 8 611 218 556 652 40 288 538 213 384 959 292 493 871 201 
13 843 879 183 336 387 881 749 759 711 508 915 817 493 
8 107 635 356 477 609 516 875 866 
4 860 576 787 864 
4 994 944 774 522 
19 768 592 486 615 233 180 119 346 343 557 247 496 529 889 957 207 183 627 169 
22 756 275 816 232 0 234 226 517 131 593 982 67 686 490 434 6 530 526 52 125 392 565 
3 274 372 597 
14 694 416 957 325 619 624 992 634 965 297 700 413 320 38 
27 370 130 277 690 232 984 689 783 471 35 30 515 286 75 224 898 896 957 350 841 432 917 401 420 190 770 807 
26 814 983 812 388 416 466 602 632 329 354 15 791 288 197 429 942 117 788 152 736 279 316 784 21 959 938 
25 114 473 246 749 315 589 72 93 64 528 629 575 308 163 380 769 47 65 735 893 894 752 530 40 621 
28 770 484 275 306 96 814 627 299 116 741 59 881 558 656 669 94 264 378 43 9 680 22 111 575 578 920 744 910 
24 823 81 511 446 310 356 855 145 649 428 626 28 794 992 53 856 292 379 407 311 848 946 952 915 
19 580 946 509 358 76 600 692 599 548 718 722 944 686 290 875 218 289 110 532 
22 559 773 76 500 871 53 525 772 463 291 502 762 858 355 418 512 529 251 12 561 274 49 
4 308 578 172 850 
27 764 34 813 804 730 856 465 140 338 785 882 984 163 31 966 363 761 462 18 390 350 977 70 985 810 695 134 
11 568 341 507 487 389 420 68 128 669 694 700 
1 705 
20 37 858 44 913 713 685 813 614 39 473 818 305 821 777 721 638 540 429 830 407 
21 897 169 569 51 280 99 403 568 226 843 210 730 202 158 473 320 36 683 840 346 263 
16 457 69 223 464 226 960 717 919 428 412 326 599 55 152 552 58 
25 309 978 536 961 928 901 2 423 895 529 648 580 497 871 938 806 365 949 693 533 583 27 356 186 440 
16 192 265 452 139 155 403 821 524 564 754 560 46 94 196 637 491 
19 780 814 245 720 902 936 120 680 246 223 331 932 962 496 378 31 760 7 451 
16 749 905 362 327 412 356 780 602 847 99 788 547 366 62 646 160 
20 844 256 437 164 448 777 332 454 230 127 158 201 34 546 250 86 222 738 14 557 
4 513 751 254 700 
9 888 896 26 276 958 840 155 655 405 
12 808 909 827 521 660 523 580 181 840 515 639 471 
14 908 52 557 263 334 912 304 895 354 90 995 437 989 829 
28 938 467 57 760 741 831 672 192 79 579 120 550 551 734 21 355 230 772 315 127 94 824 286 689 148 146 851 413 
22 378 596 929 301 661 403 306 169 889 702 293 329 550 328 396 12 741 193 296 593 969 363 
24 384 789 503 735 76 861 815 927 452 70 346 170 536 954 318 826 756 944 681 199 29 918 960 617 
12 354 400 536 167 570 325 240 27 940 141 745 757 
4 40 26 471 375 
16 654 9 21 710 338 235 526 277 180 37 131 315 572 5 599 513 
8 170 803 102 900 591 587 96 915 
20 21 877 51 187 532 924 825 271 211 210 958 111 336 435 68 65 229 289 614 695 
6 584 855 829 380 848 565 
3 405 550 728 
17 913 631 191 363 479 599 250 845 308 314 977 775 722 419 248 81 892 
2 837 359 
21 262 217 456 258 866 427 984 731 462 161 709 337 136 138 524 274 959 680 713 471 542 
27 918 387 696 537 342 517 38 460 832 676 76 588 260 711 609 204 230 814 229 62 750 168 221 287 49 946 233 
6 984 539 881 377 755 129 
13 871 785 854 610 880 660 729 590 984 324 214 728 256 
19 887 81 6 162 418 213 945 119 174 839 317 878 810 316 199 463 342 844 410 
5 826 281 972 524 163 
3 487 348 848 
24 419 39 866 104 97 751 698 865 42 489 269 642 493 595 386 314 792 976 93 921 150 541 452 565 
20 573 418 173 275 984 65 178 170 957 24 111 786 54 498 272 656 607 98 131 290 
14 826 753 82 499 862 409 638 171 866 405 624 516 417 273 
5 678 559 407 458 986 
11 368 454 618 616 735 998 535 859 898 98 254 
7 572 682 974 892 870 150 980 
9 472 439 469 415 641 909 914 481 186 
11 178 458 996 494 854 362 170 875 358 301 993 
28 388 355 308 865 793 179 995 957 496 204 713 288 157 42 987 383 30 161 475 423 822 269 333 133 250 798 862 135 
16 95 65 860 281 264 697 407 444 849 675 474 554 15 490 266 858 
6 872 325 716 552 950 968 
8 143 882 382 332 691 334 131 966 
21 376 775 661 251 574 295 875 325 806 393 733 200 645 668 774 642 534 573 159 808 285 
10 927 131 303 183 970 390 741 396 366 58 
1 132 
23 239 191 850 420 11 591 211 48 540 951 145 998 345 624 330 305 567 202 730 23 717 849 541 
28 47 942 326 734 400 565 411 429 831 517 648 920 435 852 623 238 349 358 37 89 141 305 948 50 7 986 686 614 
11 630 768 573 141 717 937 859 710 656 61 536 
1 258 
18 49 942 382 402 805 549 315 284 363 472 273 199 58 621 782 509 518 560 
16 789 197 228 815 604 73 156 377 394 226 307 436 512 105 743 708 
9 995 803 944 449 929 791 559 338 288 
4 6 20 56 53 
9 574 516 699 248 784 175 659 454 521 
16 804 112 690 189 467 532 657 209 633 428 450 118 304 714 426 579 
23 465 592 435 893 894 336 868 71 293 206 124 210 416 155 204 99 963 750 918 301 274 698 43 
4 848 237 242 665 
13 900 717 490 995 670 761 813 793 224 351 752 318 419 
12 518 818 147 38 321 234 239 732 914 360 83 11 
16 481 537 523 979 360 592 627 521 598 694 103 692 736 50 737 985 
10 127 614 807 50 230 191 298 463 331 527 
5 749 17 973 711 464 
9 267 22 556 414 861 563 386 73 461 
8 608 338 977 921 401 868 451 950 
10 346 821 523 145 2 692 770 597 681 17 
7 203 900 705 251 835 395 820 
2 751 267 
17 949 166 261 62 588 266 895 68 368 826 686 389 682 99 928 341 288 
11 97 438 930 434 890 513 659 398 347 346 531 
2 833 697 
25 827 284 422 268 774 309 325 989 673 641 494 575 938 384 353 917 47 897 160 676 729 562 438 870 91 
19 371 508 992 564 105 703 402 249 297 867 39 180 350 824 390 209 492 22 952 
2 769 796 
21 765 97 837 453 683 8 336 671 902 704 251 125 853 666 364 984 9 433 803 999 332 
24 950 618 705 447 978 44 120 667 28 774 553 378 401 519 685 776 492 674 347 538 794 376 390 483 
24 279 777 376 720 313 362 724 553 324 933 417 100 446 812 267 583 79 931 717 962 627 361 874 309 
6 501 23 819 505 930 289 
11 639 368 484 398 126 599 632 734 10 258 790 
11 636 942 956 635 977 338 137 961 943 461 747 
25 488 837 669 777 176 753 93 698 513 16 259 464 806 375 781 453 772 73 743 238 371 797 760 537 180 
24 142 374 774 88 713 217 758 897 579 844 352 167 40 154 315 413 908 182 823 450 372 950 707 928 
27 739 514 648 866 363 436 813 849 257 688 738 596 212 995 608 455 635 953 354 789 801 201 718 657 12 465 280 
10 30 751 585 196 336 772 773 49 56 953 
10 954 884 474 284 836 956 473 737 967 722 
7 881 911 722 468 776 510 40 
12 677 408 310 298 718 988 372 487 520 864 253 589 
28 280 829 820 219 659 140 218 94 763 634 671 216 612 874 562 78 876 940 375 828 326 325 941 52 673 0 485 594 
16 752 295 311 899 765 90 614 409 581 438 834 68 364 885 691 518 
25 444 868 378 117 432 180 37 938 102 110 988 473 451 128 591 453 442 373 338 668 420 287 348 721 633 
18 504 324 84 148 801 224 509 405 587 449 157 34 348 89 715 833 154 605 
16 240 994 790 877 28 267 129 744 920 826 255 849 962 59 971 662 
16 278 482 442 441 800 413 430 629 857 247 594 697 772 185 862 668 
19 461 96 377 270 902 158 980 795 253 21 465 617 626 785 772 856 645 406 240 
7 924 673 441 779 578 842 885 
19 68 128 707 327 916 489 107 41 960 516 237 929 470 834 46 608 766 421 702 
1 91 
24 847 139 2 580 372 321 677 650 324 689 581 698 510 608 707 819 613 262 32 306 761 824 442 732 
24 105 793 83 369 448 256 540 55 850 23 97 171 221 342 863 331 110 652 406 822 343 132 240 345 
11 39 36 113 496 225 756 306 28 464 729 120 
2 918 292 
16 129 482 528 699 209 443 432 784 853 717 550 687 175 307 241 690 
25 966 77 625 675 93 277 30 779 364 788 893 480 831 761 111 559 257 47 999 370 15 563 130 334 628 
12 904 551 487 142 156 136 252 709 210 522 538 936 
2 613 302 
17 221 290 113 353 792 836 268 130 489 287 79 447 259 359 357 954 199 
17 712 595 885 636 876 592 394 364 57 473 555 221 618 399 880 199 450 
10 868 957 486 627 345 996 803 825 585 581 
4 350 183 90 458 
27 722 769 466 403 181 787 430 214 590 69 572 508 776 468 834 43 569 505 387 183 269 15 192 519 998 594 424 
5 834 511 366 129 207 
10 366 485 853 254 477 797 766 910 478 718 
24 504 323 483 70 495 767 612 445 194 393 271 604 219 290 850 802 389 507 839 624 55 172 654 53 
13 303 632 536 187 203 110 792 429 149 860 302 558 804 
29 205 586 908 526 589 964 159 620 662 398 642 776 477 297 848 646 7 363 974 198 818 685 778 461 431 699 537 248 303 
10 764 240 161 34 6 313 38 837 445 932 
19 38 444 494 974 510 442 390 242 968 859 797 911 160 204 187 114 13 782 310 
4 348 711 607 393 
28 52 238 77 955 89 340 562 825 176 988 498 406 649 759 249 726 922 715 850 180 718 107 5 394 204 381 86 819 
9 645 18 316 451 439 805 42 780 106 
26 927 814 481 786 401 889 85 575 430 411 908 740 171 389 641 24 943 805 840 33 518 183 992 772 301 773 
19 885 454 304 253 952 581 697 204 401 449 21 297 368 229 186 409 507 779 379 
22 320 785 412 291 646 680 310 419 180 685 922 49 879 504 749 755 92 58 243 203 503 931 
12 693 562 714 772 221 931 130 797 765 735 411 868 
9 976 276 412 23 564 212 382 178 756 
14 612 355 541 24 924 531 366 450 343 184 170 444 117 494 
6 601 80 881 368 364 845 
24 497 242 657 957 161 149 934 172 165 530 581 867 542 387 853 7 654 72 139 124 101 486 465 332 
19 793 695 422 98 347 579 988 267 76 643 850 550 931 200 321 912 13 921 620 
5 923 869 398 507 991 
7 19 72 204 681 149 818 847 
26 405 713 292 766 500 337 404 305 821 620 160 293 335 774 80 181 218 349 140 229 944 649 219 12 330 66 
17 461 550 797 809 771 237 954 884 493 279 634 942 510 577 440 274 179 
17 183 102 994 6 755 813 437 466 778 563 875 212 123 267 871 785 920 
4 803 983 1 322 
26 532 810 364 981 578 580 658 317 194 394 73 460 558 539 808 590 699 147 509 713 345 705 831 776 913 535 
23 354 174 368 342 983 363 760 799 81 874 298 985 892 946 282 96 472 792 940 896 703 964 41 
15 165 212 351 681 321 88 51 339 863 845 846 461 600 29 729 
27 975 763 551 775 560 268 830 306 647 481 696 725 185 153 172 410 627 932 900 293 78 714 84 406 740 945 86 
22 874 773 964 537 457 162 203 443 274 454 720 366 430 841 458 275 945 902 211 765 783 844 
9 28 207 547 167 997 486 673 184 228 
14 476 235 841 150 842 324 705 161 861 612 840 868 367 857 
21 56 722 633 780 804 730 260 480 442 784 159 329 624 941 807 752 540 971 500 841 455 
26 550 769 811 221 804 824 427 934 526 797 169 41 709 364 663 823 513 135 609 337 566 67 860 68 925 751 
14 257 22 572 700 537 383 864 139 902 644 525 284 443 711 
22 394 868 353 427 191 897 901 832 316 667 357 754 214 592 195 52 472 858 920 278 825 776 
26 266 232 899 437 105 902 56 23 297 988 587 233 589 599 96 136 78 554 710 838 460 434 840 853 35 598 
24 455 505 110 142 560 787 804 243 984 799 603 807 129 724 971 123 417 990 581 941 692 502 881 755 
22 14 842 147 184 514 707 712 838 530 105 974 964 348 172 574 322 686 402 181 42 137 306 
5 684 857 82 785 262 
5 381 318 643 614 469 
26 740 130 175 820 433 496 729 10 953 77 442 463 968 875 581 652 718 817 354 148 353 298 860 777 197 695 
27 447 231 962 382 572 317 435 359 462 212 30 101 254 838 26 358 494 841 918 602 20 616 927 281 100 471 226 
2 933 32 
4 711 180 327 719 
8 46 648 998 488 678 395 232 239 
25 417 992 270 634 671 205 347 129 903 171 13 940 484 975 1 728 367 658 281 69 30 561 300 701 660 
10 140 548 224 177 726 755 870 371 957 170 
22 87 257 904 630 659 185 408 691 74 550 774 974 963 71 383 196 390 312 222 903 323 361 
10 633 668 864 419 510 859 245 21 25 889 
27 236 519 686 734 347 68 908 557 171 118 322 688 331 971 303 550 792 348 389 26 560 694 333 101 339 871 779 
17 395 346 278 244 902 325 886 274 981 918 265 290 57 445 471 862 141 
3 41 383 593 
6 407 232 863 54 440 636 
26 196 556 369 30 701 879 94 935 877 894 481 70 327 510 708 678 776 37 784 851 903 795 6 20 906 182 
26 705 999 951 908 438 151 405 177 289 901 8 360 63 239 392 954 984 465 435 498 330 520 4 93 637 78 
1 407 
17 561 599 581 611 339 573 969 10 778 386 512 912 264 489 186 640 914 
10 939 698 949 108 537 288 985 299 162 669 
13 124 243 812 14 351 408 328 83 353 295 427 583 87 
19 698 187 457 74 308 825 342 688 38 874 63 769 492 140 419 670 829 529 263 
2 516 243 
24 48 278 355 86 107 821 792 726 937 704 709 900 804 260 36 424 172 942 739 690 400 580 323 509 
25 271 209 780 367 148 521 972 829 291 329 864 337 577 695 297 254 321 340 173 346 327 624 518 387 105 
17 852 183 510 143 443 344 984 272 39 802 933 995 508 954 673 987 906 
23 912 458 21 771 831 111 578 966 634 109 518 146 992 442 209 819 378 937 599 350 659 436 71 
12 223 513 197 66 786 936 298 937 978 766 867 951 
12 473 489 585 823 68 31 990 70 740 565 632 461 
21 617 257 699 677 719 100 879 466 507 188 128 869 448 840 182 786 639 534 104 689 791 
27 937 285 111 843 688 360 810 769 213 396 904 337 346 162 20 53 168 133 790 154 186 400 652 712 356 581 542 
27 275 867 63 480 903 169 78 801 447 632 657 607 971 982 875 251 813 624 868 744 597 831 537 278 894 925 485 
21 874 754 314 188 975 601 630 166 923 667 256 369 995 394 493 285 988 769 241 957 821 
25 648 297 584 951 767 525 745 614 3 907 145 720 287 560 52 779 435 563 757 69 294 340 18 243 479 
28 253 349 840 158 576 531 921 944 318 80 429 40 920 685 960 368 454 51 245 634 314 414 548 927 911 473 897 201 
17 86 687 509 12 803 139 648 214 738 970 844 603 563 94 798 319 460 
22 4 651 560 377 424 157 655 759 874 319 666 943 659 867 175 719 334 460 364 76 865 145 
14 114 592 124 871 62 872 79 67 852 820 630 504 948 32 
19 439 160 80 22 318 777 668 725 693 86 242 577 449 230 887 224 921 757 923 
19 672 390 475 690 256 261 88 454 984 171 315 815 141 43 82 649 201 146 868 
25 562 12 658 512 272 825 138 865 816 375 618 520 745 281 486 746 858 301 910 361 751 852 158 496 998 
13 595 109 642 841 535 431 28 578 274 462 16 123 365 
6 92 427 911 231 165 594 
21 499 670 454 693 849 840 271 162 247 725 18 59 112 898 87 618 204 28 503 77 194 
7 740 806 651 230 116 144 528 
2 611 164 
2 725 683 
26 803 462 996 373 761 342 230 671 59 856 480 98 898 435 663 807 5 789 426 339 186 133 999 754 612 70 
28 714 515 929 259 59 749 130 421 61 180 936 750 666 127 502 719 51 937 72 233 65 555 960 217 398 224 451 62 
25 904 408 51 80 772 297 605 687 915 970 642 150 56 526 684 184 417 312 545 384 963 55 144 262 223 
1 938 
1 924 
24 190 507 996 907 564 367 286 110 858 249 796 134 959 924 589 417 976 467 269 804 166 439 288 151 
26 736 178 823 251 696 389 697 987 111 0 353 526 297 252 74 734 524 311 808 374 502 326 82 920 139 359 
1 460 
19 178 618 157 564 725 714 314 111 996 875 453 948 750 562 490 841 986 79 911 
28 240 562 830 47 835 603 740 571 481 224 646 442 798 399 522 948 141 187 354 13 409 613 74 425 958 30 895 642 
9 590 934 89 998 214 42 151 568 549 
16 176 145 209 440 963 6 142 999 150 862 97 141 254 309 289 488 
1 699 
19 5 500 29 560 436 277 793 603 313 856 209 790 178 611 31 330 809 595 318 
6 445 764 908 65 972 518 
14 564 963 879 8 605 68 662 371 871 779 130 128 688 319 
5 858 532 992 779 269 
26 284 788 475 929 804 320 885 231 260 910 337 973 208 280 353 623 129 919 970 61 391 44 333 386 763 920 
16 972 682 199 168 775 915 230 634 236 145 691 403 404 815 679 432 
1 363 
8 417 970 742 853 45 3 882 280 
21 477 447 88 191 282 480 266 954 955 368 229 612 489 757 389 67 164 923 439 532 590 
23 911 898 921 929 22 242 9 425 222 629 492 610 724 555 926 283 468 848 650 656 708 630 904 
7 801 643 853 644 854 358 177 
19 964 380 572 557 212 679 701 805 408 689 751 152 125 221 157 643 482 171 637 
2 319 362 
4 445 589 735 649 
5 964 768 412 661 333 
2 140 755 
14 370 422 467 40 75 688 313 444 682 215 245 397 460 162 
20 155 938 880 818 268 90 271 658 501 941 474 553 43 662 645 975 961 231 332 6 
13 802 908 486 535 898 854 446 895 576 420 541 906 949 
20 747 944 265 443 193 771 277 820 49 107 909 321 135 922 0 838 434 858 436 185 
13 560 378 187 17 954 276 369 736 838 67 463 124 953 
12 872 686 489 476 92 859 312 954 862 737 125 808 
28 407 0 542 173 90 50 805 635 980 167 816 876 854 801 456 79 502 258 430 352 332 934 252 752 583 626 117 442 
9 541 563 74 159 753 455 502 946 2 
15 428 586 823 441 698 625 36 345 832 968 14 440 197 480 854 
10 897 690 336 612 499 126 518 720 282 447 
21 190 831 364 473 956 808 857 653 677 530 521 998 926 285 199 182 819 606 969 141 623 
4 173 215 629 643 
5 643 123 357 438 766 
7 246 36 221 702 166 82 435 
2 355 47 
7 69 888 33 671 626 580 294 
19 485 533 818 186 411 195 337 734 116 537 574 830 78 885 86 264 403 115 433 
11 681 469 109 251 231 315 602 860 377 639 697 
20 490 66 509 112 183 864 109 21 157 716 488 246 111 755 529 3 89 548 426 527 
25 104 610 361 853 379 653 192 876 776 910 381 729 301 252 202 126 209 980 107 627 101 553 248 752 899 
9 382 521 665 646 470 2 210 915 513 
21 978 28 606 260 611 832 282 542 201 798 363 640 630 583 633 326 842 668 497 35 187 
13 426 333 429 936 395 855 534 274 748 338 427 760 106 
27 565 549 986 627 140 689 960 920 2 608 787 346 25 141 446 90 241 772 320 494 315 198 520 792 400 264 178 
22 965 488 219 613 598 533 802 550 211 628 506 487 83 311 578 133 342 969 879 700 163 412 
27 654 170 961 175 370 47 358 463 353 675 254 926 269 665 995 824 290 262 797 214 374 135 313 501 608 688 886 
20 260 60 15 55 999 612 755 891 403 362 716 619 54 39 788 559 774 942 348 434 
22 377 304 239 417 753 384 336 328 130 889 323 372 750 685 301 321 465 361 846 293 755 104 
18 185 380 663 721 40 328 413 524 278 353 655 260 282 725 322 192 351 152 
25 814 395 381 852 80 934 590 502 845 302 829 767 720 296 212 743 351 634 915 540 828 231 415 289 188 
9 932 298 268 810 477 161 564 295 408 
1 31 
12 74 218 928 779 254 201 543 209 613 258 449 325 
8 193 43 114 368 880 636 861 555 
9 563 226 536 788 587 964 909 227 695 
20 232 71 937 346 935 285 294 309 609 668 869 134 955 128 162 684 27 666 852 278 
4 210 247 862 198 
10 837 125 65 111 757 725 454 113 181 938 
4 477 859 39 841 
15 44 28 541 958 788 747 628 21 457 2 690 705 283 167 13 
2 343 702 
22 965 934 766 872 843 569 631 644 910 740 525 347 802 323 107 997 332 719 729 950 837 864 
26 150 617 86 478 757 468 827 536 925 483 558 212 428 744 129 397 258 823 514 198 189 200 724 549 692 43 
16 315 445 557 175 234 401 971 921 643 742 530 303 616 448 275 460 
12 302 172 992 960 465 760 399 324 577 808 842 963 
21 453 172 734 181 562 906 479 887 936 390 332 473 618 691 877 899 949 814 707 108 329 
2 600 757 
27 427 569 14 820 96 59 843 923 946 777 80 230 620 510 757 44 612 982 219 673 891 403 914 731 457 635 786 
106 772 498 933 288 261 815 778 87 885 923 409 684 550 574 842 651 526 708 61 845 13 388 506 119 941 656 760 711 131 791 303 480 519 294 494 761 554 144 189 658 497 402 468 499 231 785 493 207 987 102 609 838 849 34 305 101 275 181 347 538 548 477 813 724 403 331 744 988 325 229 476 595 339 895 962 290 454 582 569 871 741 763 736 425 792 214 397 164 74 890 585 862 929 393 922 379 206 356 399 807 301 342 906 993 914 313 716 765 623 921 692 335 495 641 369 679 942 982 874 103 36 414 783 59 762 322 709 49 701 985 663 616 543 855 794 759 197 85 184 795 743 643 218 168 793 674 593 436 96 280 364 431 581 410 163 894 200 62 111 225 697 717 664 5 481 134 6 839 306 450 667 951 729 117 619 532 703 35 920 263 383 151 715 676 926 154 947 251 578 568 76 149 121 644 78 803 675 435 209 669 23 340 553 268 19 511 665 172 733 373 688 784 484 650 864 806 216 797 120 360 230 16 452 502 469 546 81 638 421 67 80 50 357 198 442 236 56 375 863 419 135 406 433 208 821 786 668 212 712 185 309 902 841 653 899 830 798 996 590 317 475 429 750 478 913 978 704 776 799 689 512 916 936 202 136 901 386 672 870 742 345 124 745 334 621 95 128 64 907 896 948 847 968 51 522 573 273 25 722 105 286 316 647 943 944 814 239 534 449 661 558 509 46 588 614 891 318 220 624 817 281 464 483 430 40 146 587 680 836 980 976 782 107 975 459 856 295 441 752 138 174 617 177 83 735 934 873 349 731 953 187 227 875 243 122 706 127 774 129 415 99 457 314 882 628 355 113 482 738 332 178 958 889 625 811 336 596 531 552 518 840 964 57 73 461 867 580 79 606 254 816 321 997 507 130 58 330 919 728 865 612 597 266 819 472 804 631 790 70 282 977 600 279 173 818 848 551 529 604 549 737 955 371 662 591 199 655 341 310 887 11 139 448 72 323 474 718 446 973 438 392 3 307 808 217 291 981 571 986 210 915 579 788 990 241 458 411 150 802 883 940 126 8 455 930 605 165 118 389 666 352 42 159 148 925 252 0 367 844 533 338 723 169 182 385 329 876 566 33 536 416 272 710 984 514 945 626 727 215 255 296 809 84 424 7 910 530 75 931 946 30 300 432 270 496 523 228 928 287 133 65 627 153 956 583 766 979 748 851 260 561 387 244 226 491 869 989 608 233 846 211 43 961 714 401 191 488 972 176 396 312 719 201 646 456 520 618 115 753 822 893 835 353 269 707 256 344 694 28 801 237 892 249 171 603 453 391 348 17 575 640 328 998 652 333 394 166 277 691 259 637 747 903 517 271 504 570 374 265 285 960 94 434 781 234 156 510 196 967 854 535 1 365 866 991 884 264 746 492 959 93 109 66 257 137 327 645 289 957 195 861 681 188 620 53 222 886 463 843 602 372 935 702 878 320 380 470 69 167 932 969 800 545 90 796 659 586 740 155 283 302 832 963 10 26 787 767 685 473 917 877 98 567 293 485 147 881 622 720 141 857 503 337 361 443 292 60 598 634 937 77 828 544 152 250 108 770 525 594 404 440 29 732 726 952 110 21 879 635 576 994 615 756 274 992 370 466 114 299 649 358 559 308 764 420 705 37 897 326 423 192 245 905 437 513 888 909 52 467 378 384 27 471 9 170 825 584 405 479 359 262 696 539 660 162 524 487 104 418 826 678 368 572 439 362 179 860 872 143 376 970 132 850 400 630 258 382 789 995 20 248 112 465 242 900 38 537 527 749 22 451 346 203 267 949 97 833 827 508 769 683 950 777 501 639 636 837 758 739 751 954 911 677 829 311 444 324 240 413 158 673 68 91 2 540 39 918 528 966 142 613 221 555 486 350 15 834 366 194 632 205 161 974 607 238 18 927 304 412 693 276 24 601 657 695 398 204 713 771 183 983 810 354 351 775 773 547 235 730 824 700 868 232 505 14 82 381 175 447 32 180 648 417 140 904 633 734 278 41 54 556 999 407 599 939 812 698 516 48 780 852 912 223 489 100 213 63 754 297 253 687 4 592 160 390 12 642 92 670 116 611 725 462 515 408 938 924 190 823 460 157 224 89 145 699 500 445 564 858 284 682 363 45 88 898 853 557 319 589 768 755 422 880 908 820 560 686 805 541 428 690 831 629 123 246 47 671 186 315 490 610 521 542 426 565 219 654 55 377 721 395 298 31 779 193 563 71 247 125 859 44 343 965 86 971 577 562 757 427 