500
21 51 261 487 441 39 450 172 116 468 353 102 367 210 415 79 279 328 330 284 105 451 
11 317 274 294 314 198 325 1 296 171 282 29 
16 154 121 319 171 466 209 146 157 191 393 353 458 257 356 350 95 
26 367 87 292 204 256 61 215 113 312 75 239 16 167 64 42 358 261 94 240 34 194 25 307 452 427 125 
21 495 394 94 150 175 454 145 125 149 132 139 222 418 206 38 484 448 166 2 148 489 
6 141 110 317 20 222 144 
12 325 85 291 128 21 380 57 220 134 126 70 292 
21 483 447 97 417 328 248 429 104 450 245 98 65 330 303 0 277 57 460 463 35 414 
13 483 201 248 31 91 230 449 271 493 490 105 382 495 
17 477 52 86 154 218 85 134 447 190 340 353 98 187 237 271 316 48 
3 478 168 464 
15 457 183 98 229 354 35 153 486 170 412 112 345 88 141 263 
1 183 
15 150 95 118 366 20 60 486 322 137 147 231 219 43 148 392 
24 156 106 42 476 359 279 208 11 34 454 479 495 445 402 293 12 463 406 464 184 245 72 422 423 
24 270 55 104 332 86 454 203 19 66 257 121 137 396 241 438 150 424 79 114 197 228 354 420 399 
18 465 417 448 62 120 332 52 416 363 327 29 392 43 441 200 285 190 23 
3 258 102 52 
5 281 66 291 189 52 
10 231 398 328 77 424 225 119 40 130 348 
7 285 86 27 190 495 382 309 
18 380 120 71 5 6 441 183 359 77 304 259 57 211 292 405 112 258 332 
26 404 176 479 206 224 388 391 430 215 163 141 25 221 63 261 469 333 459 199 21 325 72 309 191 256 198 
10 111 94 140 249 56 465 145 330 45 498 
22 466 189 156 284 346 159 72 223 65 264 436 229 439 181 35 396 382 483 406 215 369 232 
12 198 373 126 108 435 412 493 181 69 78 128 383 
17 189 274 234 141 69 364 302 405 97 243 282 88 87 159 45 187 448 
2 166 88 
7 447 481 347 126 99 471 254 
29 7 315 232 16 1 10 69 181 5 39 200 350 148 113 234 121 131 161 138 115 236 264 195 169 265 41 398 156 409 
7 313 176 331 328 258 476 300 
19 368 150 413 483 269 370 439 266 47 338 396 251 336 372 387 353 186 428 332 
5 261 114 201 186 274 
2 389 12 
6 296 88 397 73 336 240 
26 126 148 339 180 72 21 205 370 200 85 33 232 474 162 488 105 275 192 470 472 432 96 157 379 363 254 
20 137 80 238 179 321 275 156 243 337 471 109 183 35 277 41 145 75 77 340 57 
23 350 421 493 236 496 415 251 270 165 157 56 23 53 399 74 217 1 43 60 105 36 186 46 
21 127 192 164 22 274 360 236 272 464 344 426 226 63 138 213 345 178 262 468 432 390 
24 174 337 92 314 369 123 354 55 30 173 140 414 119 74 75 6 343 142 157 203 205 61 252 170 
13 157 412 161 472 247 61 390 273 185 405 316 134 474 
2 110 191 
6 25 100 232 330 245 429 
14 324 270 330 137 156 411 399 269 387 259 305 461 456 306 
7 272 84 499 90 425 202 161 
25 128 36 144 442 43 483 290 375 413 235 286 215 183 306 471 424 498 478 299 301 428 105 83 139 15 
24 178 237 48 245 0 384 473 252 28 449 211 183 85 12 262 108 387 179 274 421 472 235 89 402 
9 378 289 220 479 176 490 355 255 432 
25 4 87 261 168 283 467 70 3 356 371 490 323 109 245 18 314 151 242 489 461 226 326 160 99 111 
26 59 212 244 449 478 495 50 437 115 394 202 29 474 428 323 182 82 265 113 381 279 14 412 342 370 45 
3 239 58 34 
26 389 247 484 99 24 136 325 414 59 457 192 397 394 4 481 156 356 12 113 453 407 332 488 92 91 443 
21 334 411 230 70 498 284 183 56 322 19 311 339 345 194 303 304 127 111 426 375 129 
27 460 337 405 393 99 418 42 265 71 420 242 144 149 458 200 349 336 498 330 332 89 45 43 381 37 175 451 
2 328 415 
17 225 298 10 55 380 12 413 417 97 45 92 193 195 393 78 170 258 
27 209 86 181 151 439 278 184 203 191 45 471 455 140 208 255 487 479 382 170 245 381 322 21 380 146 242 111 
1 317 
10 196 225 274 50 87 193 481 22 355 366 
3 334 136 445 
5 343 360 336 224 170 
15 307 19 215 34 394 222 252 245 364 33 151 96 452 190 351 
4 135 397 223 396 
3 125 259 114 
15 359 338 321 366 191 414 11 174 59 29 147 178 448 459 17 
23 221 469 118 454 144 9 296 403 302 49 442 445 71 198 342 428 72 203 493 10 276 313 131 
2 7 294 
15 35 174 123 379 385 441 312 400 337 439 19 224 318 449 158 
1 394 
10 279 230 343 341 64 2 220 383 32 237 
11 393 192 126 41 465 48 245 7 38 295 423 
24 343 68 216 71 286 241 255 411 271 57 297 278 200 257 56 335 159 251 295 368 94 187 196 468 
17 320 40 430 67 426 342 131 102 195 149 157 241 473 25 442 222 422 
2 238 369 
26 349 468 106 60 71 41 218 54 15 66 280 182 351 88 428 179 483 333 110 354 183 243 187 406 384 371 
6 345 403 349 290 317 351 
16 431 488 424 160 334 229 343 448 317 45 209 272 121 2 237 44 
16 457 271 322 272 57 42 365 366 76 364 51 238 303 33 422 397 
5 330 269 265 469 473 
10 421 268 203 93 463 98 317 447 162 66 
9 233 232 325 380 9 183 344 331 91 
18 320 420 92 75 455 328 23 424 56 300 459 97 365 362 287 5 440 218 
15 38 254 297 446 200 174 481 364 232 18 125 170 301 332 409 
16 259 260 89 130 252 74 274 284 492 40 117 44 94 375 481 412 
20 499 133 394 406 492 483 338 440 383 456 435 257 102 23 262 248 25 418 120 30 
10 123 43 326 268 193 93 259 452 88 498 
15 477 490 451 417 214 49 200 232 138 213 418 71 188 387 85 
2 413 448 
12 346 88 40 441 450 244 12 256 490 385 287 475 
5 329 80 359 491 217 
10 406 12 221 151 204 249 312 466 90 253 
17 405 36 260 292 345 380 310 206 359 463 253 233 232 492 358 482 485 
7 152 233 409 121 186 410 350 
25 401 298 360 425 405 369 15 144 226 86 28 73 11 300 291 44 392 464 236 273 497 276 183 243 335 
4 394 333 288 302 
11 7 1 275 207 84 111 461 79 8 233 75 
18 490 344 31 322 451 440 297 358 467 118 89 142 185 304 328 51 106 5 
9 286 221 260 402 15 212 95 180 398 
2 488 104 
21 471 266 218 39 46 263 152 232 467 317 86 133 289 80 410 388 423 31 60 383 64 
19 483 206 391 356 85 86 244 154 348 448 455 161 298 164 469 109 307 440 131 
17 376 120 42 128 464 196 69 324 350 396 80 442 76 88 441 86 451 
6 95 410 249 369 255 245 
15 372 95 81 310 263 186 25 388 39 209 126 354 416 360 444 
17 119 159 247 246 18 348 136 250 272 352 77 358 203 450 185 262 76 
19 394 413 393 299 326 52 498 442 460 455 205 102 372 207 295 216 433 273 70 
6 185 441 64 464 118 271 
10 124 379 445 78 378 350 130 398 451 196 
16 234 479 156 104 322 454 269 461 142 383 77 279 277 33 216 462 
10 266 317 362 73 322 217 308 363 234 11 
9 194 434 353 31 192 233 198 459 327 
21 462 66 16 127 460 338 427 177 191 329 121 369 244 49 285 25 303 325 451 152 200 
6 217 65 76 50 209 482 
4 383 456 333 347 
12 414 46 344 89 409 458 482 25 28 300 15 439 
24 278 75 464 279 187 165 325 256 78 478 162 250 50 371 117 3 61 184 206 237 221 346 495 159 
27 488 42 240 75 98 21 226 292 231 426 349 327 496 419 460 223 369 7 368 403 393 176 20 110 338 290 361 
6 139 233 218 341 451 140 
13 224 202 37 18 225 478 26 468 274 11 260 334 498 
26 52 127 27 469 197 499 161 205 413 287 11 424 160 50 226 101 281 479 311 276 69 250 366 230 30 303 
7 286 337 2 305 236 489 122 
3 299 193 203 
25 479 490 439 496 37 438 14 125 169 463 69 204 428 303 489 55 339 85 319 356 195 183 61 420 404 
3 3 274 236 
15 276 411 111 497 159 217 104 101 321 381 235 494 63 354 15 
18 37 204 352 282 198 17 89 74 248 351 60 439 145 55 346 48 452 362 
12 196 269 207 346 199 92 240 109 289 161 347 266 
13 474 373 225 354 390 197 248 297 73 200 265 418 152 
12 145 359 327 431 109 352 102 439 337 56 483 198 
9 76 289 152 334 388 87 75 36 456 
4 164 110 384 70 
27 284 407 216 300 108 493 182 42 101 362 213 495 482 471 369 103 330 256 473 254 396 263 9 45 452 431 209 
17 19 317 485 311 117 69 401 407 297 259 48 364 127 3 158 430 305 
9 475 203 403 60 390 448 178 95 279 
21 496 260 146 451 70 188 242 364 434 29 169 13 256 171 40 116 245 305 107 223 304 
18 44 450 230 412 82 462 232 381 314 270 350 353 425 486 325 428 318 139 
21 313 428 310 142 119 430 244 301 178 156 42 38 420 168 486 385 436 83 366 411 242 
10 411 18 67 236 147 180 195 361 316 8 
11 285 325 464 320 470 232 257 421 27 29 68 
10 227 167 483 89 236 310 393 288 110 287 
8 296 54 451 180 214 40 371 249 
9 393 120 217 28 141 473 148 232 109 
7 191 307 145 465 342 26 250 
17 223 284 458 293 489 381 237 27 292 348 253 216 355 230 385 406 493 
2 454 137 
28 301 34 355 264 192 408 279 153 168 46 63 353 475 288 82 138 350 282 247 239 422 181 490 77 477 18 205 78 
19 4 12 94 400 300 226 95 7 290 287 259 378 451 106 228 145 90 288 336 
2 120 224 
16 481 373 414 61 75 416 123 484 141 443 210 176 456 325 1 475 
2 173 28 
14 361 104 263 90 372 462 107 431 290 334 398 9 466 92 
22 40 305 489 39 243 235 11 383 93 360 462 259 65 302 424 173 150 318 263 59 277 290 
27 483 270 134 381 207 266 48 136 476 241 101 357 35 420 323 131 350 244 366 384 121 76 153 116 468 179 200 
2 158 212 
3 411 212 319 
26 333 449 5 460 477 39 368 391 413 451 17 317 373 152 346 141 427 465 326 232 296 338 471 269 380 88 
14 277 203 42 258 387 183 102 107 408 332 427 147 20 48 
25 259 227 215 485 65 258 219 121 155 467 477 94 482 468 326 223 75 334 404 335 146 449 186 158 185 
5 396 198 433 9 313 
12 355 181 239 383 456 90 422 46 226 343 144 489 
21 353 254 106 307 91 372 34 102 236 45 88 228 257 151 160 139 193 195 397 322 449 
24 397 200 304 86 206 91 5 330 82 466 344 342 265 60 215 316 370 488 29 76 147 253 62 173 
2 428 28 
9 214 383 234 368 149 464 273 4 286 
20 81 208 82 316 305 122 196 84 476 183 327 256 328 179 249 43 284 185 369 294 
12 451 329 287 337 299 428 139 47 94 497 62 138 
19 332 418 267 340 69 6 199 359 469 14 159 409 213 20 5 452 21 122 255 
15 199 421 466 317 460 478 114 226 311 277 347 433 81 441 269 
16 206 86 233 100 46 461 135 296 386 214 153 112 125 151 114 453 
5 390 210 256 107 456 
3 450 304 272 
26 244 30 289 351 442 417 88 476 122 301 428 250 87 83 426 45 386 259 265 416 126 15 494 206 19 138 
24 195 403 120 267 488 36 290 312 283 69 414 247 334 484 492 220 475 445 428 100 33 77 87 155 
25 58 197 472 200 164 315 108 59 313 486 55 224 29 16 463 136 159 382 325 357 301 482 494 146 124 
19 416 171 345 363 496 408 128 493 129 63 455 391 421 265 145 49 491 131 280 
12 370 308 24 214 326 474 54 156 84 255 270 272 
14 474 304 104 487 370 339 438 357 122 283 45 494 295 362 
17 418 283 492 253 450 164 212 22 185 452 180 399 411 0 224 136 239 
20 353 215 450 248 427 143 489 343 199 209 235 230 178 265 246 84 217 413 104 253 
6 225 434 34 404 329 272 
10 8 248 82 483 0 491 384 273 312 351 
17 480 495 425 467 145 188 470 103 18 163 203 438 75 239 67 2 257 
2 462 244 
11 368 158 457 472 204 43 105 198 164 298 373 
21 374 41 470 410 18 461 306 112 147 169 111 214 360 332 57 371 45 361 492 334 333 
5 179 169 377 174 403 
18 142 106 352 101 30 451 38 104 289 4 250 35 153 396 416 92 253 42 
8 453 67 408 345 15 60 376 223 
12 437 225 475 467 196 426 226 381 315 20 253 452 
26 460 185 87 111 213 181 356 174 200 473 257 384 417 288 254 62 278 195 369 465 353 212 156 453 283 221 
14 457 268 64 36 234 154 96 125 220 82 233 252 60 405 
21 478 157 324 167 108 101 462 106 71 303 265 428 183 323 340 138 141 173 220 227 16 
22 452 262 136 398 82 248 75 380 65 258 385 351 276 444 170 382 496 216 461 346 130 293 
3 239 259 267 
21 244 69 427 202 18 442 256 259 399 279 62 15 110 241 173 336 245 461 234 211 308 
2 377 324 
13 40 42 427 246 447 410 492 135 229 362 357 366 28 
21 10 303 435 277 47 256 203 259 36 206 268 136 359 155 119 403 428 74 221 317 137 
13 279 268 114 120 482 116 351 281 151 140 109 261 299 
13 51 132 361 401 153 159 479 16 202 262 271 274 491 
20 5 361 444 417 107 123 358 308 200 376 346 231 195 239 295 97 90 436 205 68 
21 203 23 234 106 311 14 18 425 208 3 218 480 331 392 28 206 327 128 408 490 103 
27 119 442 241 93 174 311 158 261 148 316 165 338 371 58 408 50 359 8 228 112 285 358 196 168 434 383 216 
26 55 222 471 254 435 57 54 60 276 81 227 184 26 119 162 240 412 201 232 335 446 134 274 175 161 177 
28 266 286 100 448 20 362 324 357 152 230 167 368 277 219 95 133 328 343 320 138 443 308 202 86 32 350 201 113 
10 343 110 260 359 235 79 478 198 327 174 
3 249 310 98 
19 115 315 460 307 287 266 370 407 237 490 166 224 54 204 214 122 324 41 83 
19 182 459 164 494 69 486 153 83 493 135 293 165 211 451 498 144 3 257 232 
6 25 161 5 492 80 16 
21 251 337 189 352 76 279 471 192 380 136 414 25 138 288 372 468 5 384 216 306 54 
21 206 377 304 277 311 296 384 302 64 378 264 175 152 243 407 209 222 497 496 488 2 
2 2 457 
10 352 315 421 420 51 319 343 481 250 58 
23 48 92 474 207 181 162 208 104 477 175 418 154 380 192 491 91 261 353 495 458 196 47 204 
22 251 493 92 264 58 391 187 434 132 485 255 376 319 304 445 470 488 343 237 50 1 358 
14 263 330 327 460 146 173 22 253 147 433 280 34 117 64 
11 368 143 309 135 467 38 470 430 218 150 346 
5 467 394 474 486 203 
22 131 337 495 240 298 13 251 245 344 36 483 315 353 103 172 436 472 272 55 458 48 494 
4 231 402 443 442 
3 33 168 379 
1 284 
24 298 224 439 488 307 187 371 364 247 454 24 203 152 438 106 130 355 296 450 416 280 305 491 391 
15 415 109 226 116 92 491 372 342 389 93 129 282 298 165 259 
6 257 399 103 250 204 276 
2 445 496 
23 257 26 284 71 297 198 424 6 368 279 309 492 409 38 182 430 65 307 128 393 241 265 143 
26 494 241 208 242 284 231 303 432 489 371 93 195 188 187 358 85 15 389 377 457 87 249 156 300 388 421 
20 136 358 174 355 183 182 427 314 461 80 93 381 446 22 290 425 231 352 468 443 
12 484 438 454 161 436 267 66 324 226 399 474 291 
20 38 107 482 83 456 466 484 90 103 405 123 36 16 25 22 410 461 23 290 136 
23 56 365 362 144 124 288 219 305 174 148 449 61 77 183 414 45 407 60 199 475 214 318 175 
21 192 86 247 115 409 339 303 171 191 145 299 116 484 272 371 131 196 422 404 114 491 
25 275 250 247 239 241 305 432 14 104 245 35 102 54 459 450 446 182 273 238 190 433 222 463 400 164 
2 24 297 
5 159 393 3 36 254 
26 165 469 385 470 472 460 236 9 248 438 62 311 280 114 388 270 138 333 371 95 167 57 376 186 264 146 
13 193 409 439 348 324 480 433 438 458 46 184 121 111 
28 338 458 118 167 136 131 210 47 17 293 294 145 371 205 85 429 252 65 469 455 108 466 14 220 383 386 356 195 
25 143 94 437 259 146 430 272 440 485 387 105 191 348 378 483 236 57 351 279 204 310 415 8 322 130 
27 123 288 229 235 217 124 453 207 173 171 183 18 318 245 330 461 343 428 479 54 488 166 90 263 362 209 118 
2 341 468 
9 137 230 422 146 486 77 355 273 421 
16 449 400 127 211 185 67 188 447 448 258 233 295 202 161 65 252 
9 404 254 18 479 82 481 45 225 176 
10 34 210 332 70 2 64 405 269 37 62 
16 205 409 137 54 356 114 13 62 190 70 450 143 486 282 32 60 
19 482 159 477 179 377 32 60 177 249 6 194 320 148 235 175 292 3 108 271 
15 433 242 426 222 113 420 329 84 440 161 239 61 2 127 464 
2 1 231 
18 230 441 470 236 59 74 415 349 440 498 106 453 459 345 57 490 26 0 
20 197 138 281 465 13 294 407 395 371 162 23 152 358 297 452 267 435 100 327 60 
2 409 197 
8 215 325 341 72 59 275 370 258 
8 350 117 111 51 249 98 386 246 
29 354 222 304 310 205 292 2 194 70 464 179 67 203 143 308 420 392 466 172 193 21 125 275 28 155 192 29 82 113 
2 437 306 
10 400 119 263 283 247 406 42 188 252 222 
11 416 120 365 486 497 315 342 43 176 191 31 
26 384 49 471 190 137 327 17 442 125 293 339 286 231 26 108 372 448 395 444 273 87 83 309 157 184 299 
16 338 440 250 353 299 251 223 298 165 1 337 438 66 356 361 333 
20 51 210 355 391 9 451 12 104 90 275 267 108 466 276 443 399 378 169 318 59 
12 229 326 389 45 62 446 246 368 418 282 410 19 
15 182 145 385 364 279 480 359 309 176 104 425 423 483 436 62 
19 125 414 57 69 492 331 381 330 267 239 129 371 496 416 407 488 33 491 363 
24 423 282 297 262 490 17 486 433 173 114 465 477 54 360 166 318 38 77 389 30 227 495 86 381 
21 109 114 125 50 261 384 307 238 461 190 131 377 279 381 334 44 201 170 163 213 410 
27 15 39 335 467 156 186 479 459 175 20 236 273 368 89 150 265 18 184 271 431 326 49 195 495 402 4 146 
27 217 169 9 287 465 494 133 412 206 112 449 391 359 398 291 427 230 446 26 135 474 263 480 231 179 311 65 
10 408 13 281 362 393 457 259 497 327 204 
16 39 465 455 53 233 204 139 42 480 358 103 178 75 448 23 189 
23 400 47 377 432 415 38 274 137 380 254 231 261 239 353 84 233 410 430 54 472 324 366 449 
10 389 61 357 337 183 351 238 404 360 140 
24 29 221 181 62 452 28 435 280 76 483 110 475 136 0 144 44 46 125 324 499 412 195 244 232 
15 282 496 284 293 399 124 404 290 454 318 444 144 375 54 30 
6 51 399 458 181 301 288 
22 188 308 267 139 393 67 341 371 266 281 215 38 150 411 113 255 278 222 84 128 299 72 
15 295 124 126 14 271 15 23 204 150 266 207 422 357 51 325 
22 475 264 53 62 287 237 52 88 92 206 388 25 39 95 228 366 198 85 33 211 126 254 
16 241 48 214 413 151 130 382 125 13 445 451 483 174 270 145 477 
2 204 45 
5 269 50 224 395 251 
8 228 222 419 130 18 3 373 76 
19 398 262 467 86 315 114 263 459 273 22 374 164 286 490 128 469 106 325 277 
28 8 458 325 85 131 359 379 39 431 61 190 368 382 390 109 248 331 381 340 282 86 12 96 301 353 413 154 320 
11 228 57 266 141 14 431 409 108 67 315 3 
16 182 108 441 488 190 426 283 51 181 162 159 450 258 499 160 386 
2 428 369 
3 134 480 443 
22 493 143 371 100 492 244 316 442 95 374 328 28 220 473 60 333 323 218 273 36 428 331 
4 1 23 95 319 
8 258 64 450 463 245 87 270 332 
13 127 240 485 289 319 21 480 456 167 72 316 156 226 
1 356 
21 452 304 153 267 136 437 28 202 285 400 89 134 408 299 162 225 45 366 57 283 455 
4 498 432 388 314 
25 404 490 34 285 356 104 130 138 463 116 185 308 455 279 417 429 328 268 256 139 301 290 472 207 251 
21 213 326 116 231 437 88 148 385 432 368 186 37 150 312 17 411 206 403 100 469 203 
29 21 437 145 397 260 172 341 472 224 441 185 285 332 409 413 180 100 214 248 14 18 253 293 93 323 481 89 419 123 
19 422 168 481 155 192 356 85 385 457 51 367 308 62 27 245 312 492 40 441 
13 89 228 262 100 430 366 82 467 282 29 493 370 257 
9 16 465 462 478 369 351 39 266 238 
3 491 86 141 
27 435 113 440 15 158 431 178 25 186 276 34 312 153 317 199 314 252 170 302 203 152 371 61 461 102 393 3 
11 380 375 251 444 494 143 7 129 407 14 89 
17 484 375 423 95 303 361 245 320 398 393 323 356 296 96 128 429 230 
19 155 272 402 316 36 136 361 22 109 264 116 450 311 106 219 295 422 243 371 
16 309 156 10 483 348 47 236 298 196 382 330 262 48 228 319 403 
22 16 72 436 63 105 322 115 334 13 97 151 327 66 76 129 329 182 206 306 212 247 385 
19 183 73 430 131 330 269 367 188 398 223 252 129 433 118 48 18 290 288 53 
14 460 416 377 454 2 434 247 248 278 256 337 97 282 124 
5 148 128 490 452 425 
27 98 204 478 18 381 68 435 255 411 46 155 277 226 431 4 458 132 20 248 133 286 39 328 138 253 86 376 
4 436 33 332 398 
19 388 273 143 149 417 369 347 300 455 307 139 98 170 345 446 16 92 165 454 
6 183 29 307 464 36 134 
10 278 471 173 204 152 183 63 377 380 251 
25 172 156 36 109 455 290 136 90 111 261 381 362 267 391 456 27 322 16 422 294 234 203 348 405 445 
4 116 421 352 492 
2 216 367 
25 186 70 7 169 90 145 88 369 11 247 16 275 366 267 392 438 53 264 263 337 220 331 22 76 314 
28 45 120 259 277 230 301 450 238 289 357 314 109 390 154 100 205 353 266 415 323 122 384 137 44 123 12 48 64 
26 15 449 459 262 368 376 225 108 103 222 180 282 233 476 46 271 150 338 322 223 41 252 409 268 2 349 
13 365 119 434 425 189 299 40 372 48 181 16 237 242 
14 65 169 417 193 303 120 432 105 272 286 402 314 338 82 
18 340 271 397 322 126 167 122 411 400 390 459 463 78 169 85 144 254 278 
6 192 351 377 74 68 486 
25 259 421 343 186 344 207 398 237 295 140 39 281 313 354 266 323 53 15 218 134 1 95 124 143 437 
2 481 33 
7 210 309 405 120 434 321 465 
25 76 31 63 478 34 129 246 340 387 103 238 40 261 341 397 339 483 36 137 370 295 253 0 456 481 
1 72 
1 452 
10 80 416 69 443 390 250 15 437 109 81 
29 119 354 410 287 107 14 495 350 446 15 45 129 130 206 315 309 334 245 50 359 70 111 448 299 7 177 430 306 47 
2 493 346 
11 61 334 8 333 102 81 440 135 464 432 312 
5 162 59 167 422 292 
2 297 314 
29 499 301 440 220 458 434 370 37 494 139 5 269 225 374 329 231 177 288 192 167 443 385 309 344 397 363 230 32 417 
22 284 307 492 460 305 277 329 360 90 50 412 187 196 280 341 144 465 282 253 227 471 165 
25 402 75 341 83 234 112 214 395 215 296 56 254 364 52 339 422 306 21 399 67 26 274 434 365 163 
2 237 91 
7 300 367 238 274 199 364 61 
4 309 442 445 375 
22 446 465 378 309 485 204 418 305 494 56 328 445 347 173 213 92 499 188 343 416 191 289 
2 369 172 
21 159 253 459 102 396 133 258 275 2 215 360 137 388 95 200 114 181 93 379 155 110 
7 495 55 291 359 136 43 264 
17 207 319 0 396 112 383 210 400 123 410 457 481 230 186 362 469 45 
11 380 249 396 283 425 103 170 330 418 326 450 
28 470 460 14 346 376 20 445 67 431 349 36 31 342 140 101 7 156 359 318 152 28 48 254 5 41 306 285 332 
21 7 317 394 448 144 189 83 155 218 217 165 434 0 50 296 93 160 377 52 47 48 
26 493 414 393 120 309 109 142 167 330 58 302 443 227 145 83 117 464 89 206 336 135 190 379 95 15 313 
4 459 73 475 57 
23 478 140 476 153 416 441 172 351 298 154 320 155 367 174 346 314 137 436 225 183 355 68 440 
6 193 460 157 32 77 306 
27 175 329 219 195 454 491 294 494 1 120 28 320 259 58 2 372 311 370 121 433 215 411 233 302 227 489 123 
11 16 6 270 410 330 400 277 340 367 111 50 
24 414 312 172 393 442 156 311 30 168 326 12 232 480 194 381 190 282 365 303 21 133 285 214 288 
5 334 462 154 149 405 
13 47 443 491 158 76 340 201 421 106 20 386 133 157 
15 445 322 156 320 491 460 326 21 123 471 251 279 183 499 382 
27 499 75 455 267 28 303 151 481 166 277 484 142 420 492 392 179 393 250 306 83 173 144 311 58 257 368 436 
20 88 187 404 442 71 301 116 406 479 117 230 428 38 136 28 313 456 14 327 247 
20 464 157 423 358 443 342 100 380 30 131 326 196 14 189 306 280 59 449 387 43 
2 142 242 
17 323 107 122 186 156 111 114 375 391 282 325 100 341 166 285 251 231 
6 125 183 314 319 316 180 
21 138 243 36 436 426 276 322 101 412 210 437 182 103 50 323 51 382 223 177 366 154 
15 62 156 370 457 26 367 458 462 118 384 236 412 217 290 273 
20 79 25 239 222 427 338 179 356 402 403 272 83 334 290 237 175 463 42 468 336 
24 399 367 387 116 288 174 206 193 175 319 217 480 17 462 379 81 410 388 134 46 420 126 57 295 
9 165 207 335 7 113 461 194 141 265 
21 10 384 165 173 12 443 412 464 325 307 36 482 277 289 297 423 212 494 283 99 324 
2 430 401 
28 486 332 478 390 473 134 338 262 239 37 26 472 310 32 24 235 233 238 440 443 458 65 460 485 195 350 344 415 
2 165 240 
24 269 130 207 405 276 214 212 165 487 316 448 66 96 223 192 357 157 104 480 18 495 490 293 410 
1 306 
4 472 190 185 167 
24 210 419 301 177 449 433 436 307 290 374 455 482 99 178 262 286 423 230 316 172 160 87 176 304 
16 470 336 1 67 177 245 409 228 98 216 439 37 121 56 372 170 
27 450 286 160 483 490 367 422 147 366 167 465 258 217 307 36 395 494 38 498 305 291 482 244 66 89 304 386 
23 213 478 22 254 102 74 346 367 462 83 48 341 224 139 23 408 368 176 20 140 377 253 435 
4 164 310 104 371 
26 64 47 103 196 299 132 263 301 209 355 398 337 339 32 466 210 404 306 59 354 230 44 150 189 62 133 
26 73 268 421 274 426 44 65 489 391 87 106 151 257 67 24 181 25 446 324 496 259 418 174 195 18 30 
12 97 485 71 157 277 337 291 237 142 270 185 482 
2 1 86 
17 348 375 338 495 382 37 493 266 234 133 409 278 68 327 29 385 470 
1 309 
2 477 118 
27 279 218 436 314 275 422 204 385 288 126 375 98 236 175 406 128 286 22 32 164 283 151 2 192 321 264 258 
3 382 441 306 
13 59 412 145 191 238 132 289 312 453 175 16 135 434 
23 291 131 190 412 421 235 206 79 137 155 32 33 28 83 341 293 255 324 44 457 449 201 120 
5 439 403 90 194 130 
2 141 384
4 7 431 376 85 
16 262 147 254 397 42 444 298 32 9 421 278 146 383 155 11 406 
7 447 48 57 223 90 183 296 
24 361 96 400 14 45 341 437 390 371 415 240 130 163 296 423 376 66 303 82 410 193 299 367 302 
13 249 395 49 478 468 368 491 197 398 144 7 322 189 
2 18 398 
9 23 105 311 8 50 164 163 179 356 
8 262 204 106 378 78 153 32 131 
5 120 454 175 116 417 
20 404 423 181 195 444 97 275 103 466 203 43 435 498 157 244 457 231 2 117 318 
2 277 221 
2 445 428 
11 257 433 267 58 280 176 9 174 217 485 220 
19 383 395 399 228 465 81 403 414 112 256 366 272 170 304 493 289 114 451 1 
21 430 79 489 226 225 12 437 416 332 52 390 235 74 296 411 214 236 68 23 268 271 
21 262 122 446 144 366 413 347 55 228 321 285 473 0 281 165 355 146 88 417 348 423 
8 136 279 481 414 71 300 209 359 
28 468 50 264 436 422 162 276 167 465 271 270 394 355 23 136 25 154 432 42 412 83 451 326 232 328 478 437 338 
25 110 85 68 196 55 302 133 468 453 189 329 403 492 136 388 367 201 21 385 392 109 391 357 65 265 
2 64 140 
10 239 499 138 298 326 137 54 435 17 248 
1 402 
16 42 144 72 493 347 230 456 9 356 495 374 441 96 355 343 150 
18 174 230 104 490 358 189 33 196 409 398 112 202 415 30 160 77 492 231 
6 78 310 128 323 317 299 
13 295 381 424 72 324 422 244 98 442 333 261 362 493 
24 453 171 384 21 248 412 37 450 31 363 179 473 399 282 284 23 346 175 326 241 186 141 403 369 
24 394 200 392 257 6 396 362 225 374 294 292 0 316 266 469 443 123 285 121 490 435 318 68 252 
6 190 14 172 10 465 460 
16 106 178 190 57 109 490 440 438 434 308 261 242 42 382 240 280 
16 494 13 259 357 435 141 155 268 197 183 82 411 214 453 134 464 
23 347 203 458 158 271 43 51 440 498 366 216 443 98 128 93 249 298 187 80 475 36 344 79 
10 10 99 95 374 373 12 331 414 248 3 
24 228 370 44 453 347 82 121 457 390 119 113 165 23 302 459 196 20 415 195 206 61 315 107 288 
21 86 460 452 278 64 100 329 79 26 484 115 385 338 475 381 477 195 38 59 186 148 
6 374 463 296 481 459 460 
27 478 253 115 330 219 47 190 201 390 283 397 297 215 5 469 491 350 479 356 244 384 208 366 62 159 421 180 
5 476 238 7 207 68 
5 349 437 444 119 317 
16 356 308 198 394 459 227 148 387 441 395 47 168 101 261 240 154 
18 362 314 276 442 424 490 7 411 251 479 114 201 378 30 385 66 178 351 
6 338 25 52 401 161 214 
9 10 148 410 328 419 421 166 388 356 
15 50 14 381 356 26 284 254 358 119 223 161 495 144 109 330 
3 342 58 401 
20 455 374 473 320 163 243 156 289 344 52 314 355 336 126 392 63 137 416 273 499 
18 17 9 425 286 444 84 12 185 328 54 246 190 378 197 278 57 436 394 
19 192 26 45 133 70 240 372 32 143 56 10 367 43 62 179 72 446 292 166 
24 499 214 443 7 165 148 28 344 424 323 70 201 60 94 348 328 34 369 352 475 64 71 296 374 
3 440 497 455 
4 257 62 156 228 
24 240 201 100 161 453 277 226 384 156 243 74 238 200 354 124 36 113 26 75 470 404 463 324 433 
29 140 462 17 49 240 143 441 371 473 147 252 194 451 276 55 99 469 416 267 114 302 3 43 338 352 4 109 70 167 
15 348 135 132 85 419 196 458 335 345 314 147 496 0 220 417 
11 10 298 391 18 358 326 418 286 232 216 1 
15 208 349 88 50 452 407 318 14 161 448 406 377 359 24 200 
19 199 168 470 12 462 157 113 48 345 326 203 324 480 376 94 63 218 424 494 
24 435 454 485 306 373 29 120 292 366 190 20 79 319 223 102 164 370 457 451 103 122 210 383 241 
21 17 224 182 377 439 350 255 239 388 194 422 409 335 360 333 359 175 461 492 341 311 
14 62 447 134 244 152 434 196 12 490 314 192 455 82 263 
21 367 177 152 113 64 22 466 54 319 496 9 97 245 94 116 198 179 219 149 117 237 
1 44 
26 446 105 125 74 323 477 223 123 17 141 99 423 135 210 424 65 441 82 382 83 481 221 185 421 61 199 
20 66 45 378 281 174 258 233 199 29 213 74 248 5 38 21 118 181 89 15 68 
20 146 179 313 178 213 346 141 243 145 106 347 246 390 341 461 274 86 440 73 413 
19 364 245 249 41 280 165 411 129 205 49 126 274 287 134 371 484 22 151 190 
16 430 382 472 391 343 241 100 475 388 230 365 209 58 46 232 246 
1 141 
18 137 184 450 473 324 361 423 211 300 80 102 227 434 292 435 47 269 308 
18 446 231 24 474 401 455 178 424 250 270 132 248 386 428 417 46 285 454 
16 344 184 371 39 77 24 96 408 328 342 62 246 82 92 177 465 
1 145 
25 378 119 159 414 308 122 404 25 385 156 76 153 259 441 296 295 291 220 424 353 431 140 398 460 324 
9 389 120 400 295 105 264 129 474 346 
12 0 137 215 251 306 216 158 164 221 56 154 304 
2 110 276 
26 331 269 258 35 385 454 29 285 68 225 455 171 466 433 259 473 164 213 141 324 234 182 222 375 168 382 
19 407 438 327 110 265 52 167 346 410 166 158 312 308 303 83 390 365 357 137 
4 494 123 379 142 
4 200 232 210 419 
23 194 268 263 36 352 209 100 295 271 309 2 307 9 409 483 82 145 490 253 187 235 112 68 
25 13 214 467 320 201 475 345 227 478 238 489 317 269 323 371 252 443 94 172 192 138 406 64 76 300 
19 336 452 225 188 375 49 174 275 19 320 230 282 79 185 161 373 42 397 189 
17 176 366 78 285 173 496 441 384 77 145 341 137 126 105 132 400 42 
24 103 71 283 229 216 344 233 15 373 135 230 454 243 226 436 449 26 259 266 397 407 323 209 0 
11 339 360 496 228 65 106 79 10 473 155 478 
2 111 282 
4 127 404 102 35 
26 292 239 493 391 97 184 345 295 43 16 140 407 65 466 128 417 373 470 39 199 81 49 226 444 237 408 
2 433 422 
21 69 350 340 432 305 425 407 481 201 276 473 29 315 38 217 136 301 176 409 254 70 
21 358 432 187 430 471 284 229 174 277 266 198 425 47 102 222 458 498 39 235 178 93 
14 225 83 40 468 269 322 148 268 0 436 103 412 490 487 
27 420 248 341 53 136 285 160 380 206 307 453 180 486 348 352 133 291 374 268 412 144 224 171 390 175 460 120 
19 177 108 100 450 234 70 201 407 443 138 426 354 92 353 42 48 219 372 204 
3 119 94 350 
13 60 293 26 102 115 421 176 44 266 163 77 283 351 
10 116 161 92 206 259 381 144 141 62 115 
26 93 219 289 389 414 467 133 160 362 208 366 186 176 27 206 42 468 99 396 131 239 119 423 375 167 315 
8 18 366 319 68 303 101 369 199 
261 274 154 87 150 20 325 417 31 477 478 98 183 366 11 19 363 102 281 77 27 71 388 94 466 198 189 166 99 315 300 368 51 389 296 126 179 415 192 337 161 110 429 270 84 128 178 220 4 59 58 247 334 265 328 55 209 317 196 136 170 252 135 114 321 221 294 35 394 2 245 343 426 238 41 290 488 272 473 93 91 92 254 259 406 43 490 448 256 80 151 482 121 298 302 461 344 180 104 39 391 464 255 372 246 413 441 78 234 266 194 329 65 383 46 75 42 139 202 52 236 299 479 3 111 37 207 152 327 76 164 216 117 60 260 450 313 411 285 89 54 217 191 223 454 34 12 224 481 173 361 305 381 212 319 333 203 227 9 90 353 397 28 214 81 451 418 199 233 390 304 30 195 200 345 326 487 283 215 434 248 480 462 158 112 403 106 453 225 185 36 101 82 267 244 324 427 303 268 132 5 311 442 471 286 359 310 287 459 25 251 206 457 420 208 493 330 38 474 131 231 379 284 187 226 103 496 26 241 355 438 22 56 115 250 297 393 469 193 458 143 124 341 230 211 404 332 205 235 242 1 470 197 409 370 386 354 437 263 416 190 440 210 229 425 125 423 109 15 133 408 465 432 357 29 399 288 188 295 264 48 204 269 222 467 8 67 182 369 134 374 23 258 289 356 153 498 138 385 21 168 100 16 491 435 129 484 155 483 322 430 377 148 68 436 273 307 278 455 492 367 186 45 449 365 169 271 351 421 33 405 63 72 452 69 119 346 61 162 314 301 360 83 237 364 445 446 172 159 495 396 380 376 144 414 475 140 32 175 6 312 149 443 320 499 88 157 142 107 316 243 156 79 387 335 165 401 486 240 130 306 167 419 336 160 213 371 47 73 97 86 375 309 118 218 382 412 291 439 384 431 147 447 96 249 398 105 262 120 181 277 428 433 395 489 122 279 468 85 64 239 402 456 174 323 424 171 392 14 57 494 347 95 228 460 463 253 476 349 308 362 338 410 50 342 163 444 70 7 497 257 201 49 348 10 318 113 485 17 62 177 44 74 66 146 280 472 141 137 24 184 145 378 400 0 276 331 407 123 232 352 13 275 176 373 339 282 127 292 422 340 358 40 53 108 350 293 116 219 18 